26168
1253
23514
25816
12571
31001
22958
17432
1004
13266
19476
24755
17539
2261
5445
3536
28446
23186
11268
31077
32548
18816
10846
10639
4855
9778
12556
10593
24133
17256
7316
18820
13511
31389
26382
28832
12164
14859
19450
3079
19407
2108
13788
15409
29612
1471
6844
19166
29264
22041
14235
31183
18938
26208
264
26343
31394
32181
21130
4356
27093
22346
6621
13056
2713
5333
18986
22992
11925
24603
14550
12612
11678
4203
14305
27345
27592
23153
28261
23901
23128
9519
2709
26453
14436
22986
6082
32505
20037
21267
16899
11953
17165
16884
6981
1709
29550
22999
552
15967
6742
16363
10924
14833
10584
7394
23668
28737
30249
7976
14984
22440
2850
8314
23952
26185
29718
11107
17043
2144
258
28736
17541
13581
15006
3674
30723
19893
20421
12239
2973
12166
19945
15230
27657
26028
15002
7871
10971
21604
10115
16625
25417
3239
23236
10241
6327
20215
29220
14936
8969
17860
896
32251
16397
19440
5970
25058
27375
13649
9817
23607
28439
3492
23861
330
20658
10684
12074
15411
4281
4690
8280
10809
11096
26594
30438
16656
10005
7976
15067
9930
29593
28061
11388
24310
4895
9540
20059
29685
8603
5501
25168
20180
25543
24084
12779
3319
27848
996
11671
29021
14323
30349
68
17014
8338
3602
3886
27691
8278
15058
26556
15642
6541
21641
5504
22738
32369
27051
10299
29207
5548
2344
19412
4701
27258
13429
6339
26668
21099
16565
29714
5780
4261
31405
8588
5462
31192
3053
7807
19941
17409
22824
350
28182
5234
29680
12483
4526
22574
25071
22204
30580
32300
7285
881
16985
11232
14817
15576
25764
29793
22130
3001
23169
30367
4416
22093
30402
29862
4388
5441
7434
17134
20226
25186
24883
12367
14185
11112
2122
28418
8373
161
28724
4831
13216
4901
10915
27892
11081
27999
21970
1428
31598
19547
11184
24887
2368
4088
15469
28792
13350
27458
30800
4614
29419
18421
31981
20422
28691
7859
14834
480
15829
2484
23149
20625
3428
28970
10406
28474
30616
18893
21716
31998
17876
1040
23950
26911
5933
24353
12999
17317
19342
32161
4620
2741
4045
6949
16312
9956
2621
23476
24886
31254
25369
11899
12266
27663
486
23970
26472
967
8075
4523
5858
29203
27940
3179
28948
31212
17465
5797
23094
25705
27263
26220
32468
26665
13166
13312
9743
23962
23177
12578
29659
29662
5830
27952
12797
2457
22385
27067
7258
6611
12559
4653
8187
24257
10645
14466
12208
7144
17395
13431
15172
11393
30043
29338
9076
28173
17023
22194
257
10141
4093
24228
3697
24839
28307
17796
5871
20612
10254
25761
9365
21641
4063
14796
15922
6940
5322
11164
25512
27912
31019
5551
18028
9496
5512
16993
6210
19348
1549
29904
10947
9995
32470
16516
29595
1313
25569
8809
22564
22019
3090
5534
5133
11559
12948
12699
29776
2908
8154
29697
11652
622
21901
19193
32484
19412
30834
9555
4001
20358
15125
2456
7408
9249
12514
31174
27595
11909
30748
13059
25341
8052
20259
11164
26757
15328
13450
30009
4427
11031
18672
13329
5687
17185
31125
22252
21982
5001
17929
6504
10926
13591
8628
25818
19104
31244
18871
14355
9729
19398
28989
5377
19188
12095
28065
12379
18510
15047
11335
5338
14797
31631
14007
355
16249
29587
32041
20235
11428
5643
31734
6700
27821
4614
8864
25764
5513
30096
27844
24024
28130
19302
20178
31313
7402
26061
5482
10214
10519
25600
2669
6137
2171
6697
15731
6836
18533
32717
6124
22032
1333
3644
23843
25597
11466
7893
30224
20139
30324
26293
7422
8291
30569
15640
16615
11646
20663
29790
9303
8235
4851
14322
16816
11744
31443
29853
12600
32292
5227
17201
31140
8593
30219
1292
4136
22741
11896
3916
8490
1898
29399
23066
2759
17566
2592
29711
21119
19041
18044
12403
31833
31967
26713
21394
17254
13674
30061
1543
28116
6149
19419
16830
23377
28981
29580
10232
10355
17329
28807
1298
1377
30752
23079
21210
4985
12066
904
8463
15412
15078
4820
24509
13687
29650
14131
19704
2313
1396
22404
21767
25269
6753
13479
6203
5879
28861
13113
5829
3205
8423
22040
28269
27955
3209
16069
9694
13023
8349
18245
22406
31048
7636
9082
17091
27414
19774
16522
25382
10937
2746
25942
8475
8674
14243
28884
8286
20756
20409
20268
9091
11603
31081
6531
12012
14078
6118
17524
22051
22713
11416
30423
27232
3319
24125
11953
15667
6653
23670
2514
274
24945
7512
7814
14269
31397
9756
17748
21444
9501
14840
29431
24234
9119
30358
8497
18068
26683
16987
3917
14619
17956
11573
17195
5100
7297
11513
13622
15401
28570
15837
12811
12495
5894
14462
14028
21448
12732
25710
14512
30731
22346
31340
2784
13427
14036
22271
21876
28463
19060
23801
1584
4708
8043
19306
25848
31085
2163
27493
3992
6738
14644
9351
14605
13389
31198
7791
10888
9614
13185
12318
16318
3426
30467
4123
12399
31845
2317
21476
17832
16299
11311
588
3668
20523
5005
26602
20662
2211
23271
14908
29912
21246
21046
5910
27784
12306
16728
5638
4026
16764
2148
32703
31569
20797
8627
5731
4876
22211
23646
16703
24791
30032
5356
20700
20771
11006
19922
22248
25345
6015
20895
23911
16598
22980
4683
8417
13000
15903
13115
9443
23138
6753
2411
29060
16322
2701
20756
22297
19829
25461
18364
19091
17038
18609
6392
4226
30796
28336
2564
13840
11292
8363
5407
23742
516
1111
3115
54
1216
9420
27638
5616
29732
6720
4843
20873
19766
23115
10004
27671
6210
18552
24706
16832
22416
19514
11193
15648
23170
16516
16173
28783
13768
11650
25640
7339
31695
3443
16383
8695
14103
6956
16592
23684
9199
16940
2668
4152
7434
10826
14594
21487
8500
31693
4316
9070
12683
18748
15851
25274
27227
18178
3351
8541
11693
30542
41
24463
22467
31983
25869
23462
8379
9333
8486
8136
10984
12271
20472
16290
22255
3585
16648
20586
1808
28758
31447
22130
31067
3055
21586
7971
30136
17369
12954
27138
30990
18590
12969
20889
27852
29960
6940
29805
15935
30350
10640
25229
26773
19191
27842
25580
17229
20345
25129
12711
30221
1380
7257
27048
25669
4159
14228
7405
10789
14491
6529
9444
20546
28279
29000
28571
20337
11567
7612
21466
12298
9371
3256
24539
23572
18495
28354
11849
2437
22519
14667
17955
21848
24248
9163
12962
30646
5320
10743
22419
14203
9212
18501
23859
31580
6947
22771
31906
9358
8456
22982
4909
16845
10180
1158
20798
30153
10660
29621
10199
21979
23753
20794
4652
20462
26827
13591
20537
267
20557
9491
22547
8055
29745
1076
12185
16322
8898
16619
12919
26308
5336
4820
16707
21089
4068
30091
7329
22127
26354
19085
14081
19962
30225
6785
23940
12848
13679
10852
26220
29356
19749
4299
22508
5469
21677
26899
11813
21078
13334
12459
24096
20514
17774
30349
29955
26992
25699
20786
375
1886
24688
3057
19484
4501
30713
17593
3384
10185
13101
5687
20386
13432
28767
5434
18185
30763
8790
29040
11620
9698
16722
12449
18679
41
19196
13947
28349
31141
26477
23261
5786
3053
7120
15791
25422
29168
25978
23144
7251
19166
29638
31629
1764
9420
6009
12572
28472
7042
11796
29829
30772
16893
28357
9689
7168
29388
29583
3890
24141
19455
1440
27544
32193
23913
18985
5386
1038
30613
6396
27804
12135
13805
525
25482
10006
17103
29153
9715
8562
1387
3440
1958
30955
14753
10889
24407
9543
7357
6209
10336
26522
30853
12073
28321
25070
11673
19563
18493
22019
191
13018
18012
7547
17270
16117
5355
28864
5294
2375
20697
1826
8751
26777
23411
12816
30785
9142
12288
3391
20238
15826
757
18303
5162
2470
11894
3848
29413
27566
13664
3975
3672
27830
28935
14297
22830
6818
14403
29939
9480
21001
30902
11254
27375
3622
9949
10091
3486
14430
21068
20074
22901
16904
26573
30231
15398
7506
16965
1094
19358
17755
30721
11133
27548
31434
10929
29665
25120
18911
31433
217
18739
4335
24940
8905
2667
16982
31230
18030
4899
6541
16266
17385
15505
1868
20400
19223
32025
6601
1859
7648
2963
13859
28477
21815
13709
23493
7467
18872
30625
10396
23096
18558
32217
26027
31904
12840
9842
11521
19595
5223
8729
25408
22228
21861
2296
28974
18306
19105
24993
19110
930
23611
23735
8668
18921
6465
20233
3340
16141
7135
9044
3347
3145
14797
26595
13760
6197
32219
31218
9053
26293
15805
27155
13240
12261
2285
15543
12385
31462
14599
18284
22297
19662
9091
13663
15074
7250
8009
20188
28406
13014
10301
26276
26271
7115
25669
13597
13744
25187
985
28668
18160
21995
29006
283
12703
29454
22982
12145
19323
6673
30524
19555
13623
19499
23403
9855
5289
15368
30432
5482
243
4319
27733
25045
6458
30576
3595
7205
5385
23127
14341
9121
24239
28738
17133
32247
16158
1456
1323
3151
24901
6631
12796
28036
9316
30868
28913
4515
9844
11150
20816
791
2586
23847
18789
25115
12153
23589
12370
557
3722
19805
16009
15579
7211
29330
2673
23365
23936
22531
26298
1575
12712
17015
15778
9314
24255
6641
29351
29604
21917
22954
31030
31808
10822
56
31275
27250
11248
18132
18194
13478
8103
12139
30636
1958
19130
20887
20897
25009
32513
22064
3387
29489
16057
1842
7804
4379
14611
11139
21018
22202
32352
2148
8253
21452
6701
16305
17884
17300
21759
1849
27763
12780
18789
15477
21451
1620
15432
16159
24626
15713
1213
26192
23667
11567
11032
23314
12199
12632
18038
18665
1943
7387
9269
16101
2444
3425
12141
18580
18929
9570
1857
1668
25656
16502
16493
26159
14319
21358
6556
10596
10341
7254
1519
11478
13561
5535
16778
2920
5439
10292
8869
12076
13230
3817
5489
20294
11377
23755
20801
13377
15513
12723
72
5663
7079
5912
384
18704
1452
9217
24318
20265
25826
29388
1840
6785
18225
15306
644
22576
22301
1550
11618
21875
19804
11135
15343
6072
25909
10075
5726
19677
6055
3115
9008
17939
16111
5051
6773
21246
23619
1000
19389
15433
9730
6833
5523
7870
4118
23151
762
15025
5556
2342
19099
22596
1131
24686
31103
20038
7134
23236
13944
10999
1525
28912
17996
19872
25402
15602
21815
19544
19538
16901
7942
32360
9687
3637
25403
469
28238
26097
22039
8351
31812
347
14021
30420
30547
17520
17320
4208
778
17832
26366
19595
26007
16566
11098
31382
14881
3515
16034
6895
2032
18471
17403
22981
23263
5558
76
22524
12668
28876
2902
31287
3217
12686
7327
26168
2384
14085
29510
18219
10922
10361
32239
9437
1767
26607
9751
32400
28490
13511
6584
22415
10434
32215
24901
9236
26688
26400
5559
28087
16636
3640
18544
32498
3771
13279
11444
10999
27068
30693
4091
19583
19368
17040
7560
8582
3254
15667
14904
31152
22216
2502
17929
7899
29458
29744
10486
1365
23625
28711
19659
26559
861
27633
16703
20172
21557
6566
13944
14104
14517
7876
31709
9392
16224
32711
66
5201
32389
6289
9731
21431
27053
10405
10675
31089
1835
13968
28334
11143
1352
5303
9571
20470
30540
28234
28558
7099
20876
29104
31919
27981
13076
16805
30875
22289
18333
19853
9151
28284
26731
2966
21523
32283
21143
24232
8744
3744
19106
2195
16689
14815
3944
21266
31450
18940
3269
9933
3025
9383
2866
17915
6444
18921
4446
24818
23266
20408
22143
31864
20506
1190
32518
3443
11176
25729
4297
22850
8713
13546
5928
6733
190
32491
12048
4562
6124
25321
28877
32567
14972
32382
9257
17729
22397
29875
13995
27297
7276
18108
9360
2271
12528
5738
11539
27245
15361
2996
10528
15517
14116
19746
9641
8808
7906
24944
7461
15704
12385
31439
19895
18138
13170
21331
18714
5995
11869
2772
4000
3306
3913
19997
6647
32451
4218
26663
2966
29738
13226
6387
7226
28409
26703
16915
15126
23979
17529
15038
19471
14475
32501
19099
21618
11449
28660
21548
20882
3519
9206
7717
16357
4189
6730
16225
9981
30054
18791
12753
27285
7712
5521
10029
22808
30949
24709
2964
24045
5092
1386
20501
20753
20640
1538
13257
30560
29576
3878
21077
8026
2430
23842
13203
12834
11366
9135
1296
2158
7542
1719
7088
3100
19297
5001
15144
27186
7053
30572
30929
3607
23774
5293
3153
19920
27782
8179
14155
24430
1497
11623
27699
25663
1780
20295
28368
16319
24714
11646
29531
2990
27825
32667
20998
12742
5730
15195
32486
25798
24112
27701
14690
30304
16163
23128
8338
7196
16029
29427
25414
21614
9977
24923
26535
10494
31268
3015
2912
31913
26472
3365
12708
18317
15558
10827
18316
1909
20521
24003
25590
22555
9394
31863
4927
25342
24480
13199
12951
3585
13302
1969
13295
16168
11378
8453
519
29776
27547
16416
7129
4798
9751
21697
8893
32106
29371
5773
9035
20418
649
17225
11178
23919
27747
11449
22126
30907
1902
7975
27491
30686
24750
31981
1759
19184
9443
21909
24427
14983
18899
30957
20022
4869
28896
24165
26016
14253
654
23038
28304
31243
9042
3959
31697
12027
1557
10955
18141
6552
4667
11070
15213
10071
25168
4987
15760
22141
31332
31790
23189
3517
13447
12011
7535
8622
25435
4330
6640
1398
22254
31311
6949
30028
2500
19930
25695
22417
3605
25143
23824
27047
5078
2931
20922
21808
32130
14029
1116
30113
19592
9997
29056
14772
7994
19425
27888
18227
15152
6761
1317
1719
6159
8852
17027
17888
5928
3362
22233
1585
16200
27798
17383
9082
27749
9307
1619
2831
16891
27513
5372
1690
15029
7605
459
25790
16736
12491
12500
29464
29607
9022
30675
951
8149
10814
28771
20140
22170
26191
7383
16144
30551
5898
27830
25917
16372
24028
26651
27351
6618
21897
24933
32209
28752
25656
20273
16496
15183
31780
30425
18252
667
21742
30029
27394
32156
12870
27932
27059
4441
11401
7323
14978
23883
6067
13525
25778
11236
18185
30040
2248
18613
1440
27093
19906
20316
26667
878
28917
5989
2364
31658
8045
27562
11882
3591
16155
15825
4818
24402
23599
20126
17350
23001
29867
14428
22758
11053
13878
15017
31000
18761
13603
22519
21695
6864
9012
19274
7635
24678
4781
25266
25119
272
30290
12039
11107
4661
865
3805
28595
30631
13372
90
15958
15376
27197
32518
12872
19363
4131
10504
31141
24193
3368
32767
29374
28164
6961
24557
7933
9820
12998
12068
4695
16257
1030
28543
8122
8382
26736
25746
27889
26621
27058
30281
3856
1865
30837
2866
14439
19548
20123
16682
22799
12292
2430
22974
4834
21878
26744
28236
28269
26864
8949
20779
9203
30804
11943
10975
14272
28246
5901
3025
29016
8130
15222
31834
12143
30212
10496
31938
25496
14562
17367
6451
10327
11375
458
7077
6499
28208
22326
28635
14802
14080
5824
25241
23202
6010
2142
2403
31119
23062
73
23663
6412
11140
12165
27504
22767
3528
28256
1202
6850
32446
9641
16708
32761
22019
908
10108
32040
2449
22184
30170
24484
21806
5034
13386
9402
28290
15634
16888
8082
31541
4729
26569
25840
2006
10678
12657
12804
32422
29043
29333
19293
4219
14674
2338
19149
32415
6327
19908
23070
16628
6121
29104
12161
25098
8423
27330
7346
15719
4353
13532
32307
27321
28710
2722
17329
27144
24706
14100
22121
21077
8488
31906
18769
14150
29670
22687
201
22115
15685
20057
24239
22453
21732
27960
14320
14818
18667
2611
15223
10707
76
19765
29768
26619
18170
27741
28782
4588
31470
29162
27607
18481
15106
17627
9923
510
28839
1622
7004
28710
271
13835
16656
14243
25357
2692
1240
11434
30735
23357
9911
27630
5130
19677
24316
4389
14333
5510
12512
27916
30796
31136
19740
12717
8608
19865
13706
16345
29403
20642
28710
7465
19114
8520
13286
849
25007
27115
7199
30124
19244
2285
18026
1913
15941
18178
11244
28254
4360
23740
1444
2993
22016
24680
27968
20599
2168
13151
17740
11248
27226
549
30528
14405
27180
14636
10121
26396
5481
25641
4273
530
17546
2129
23035
6179
22430
7325
14288
24198
26544
9456
12395
6417
32429
22061
26924
27028
8218
15252
13596
31743
29558
32322
19324
2860
15354
23819
7411
24430
24218
31694
24249
25831
9814
7745
24633
30676
9162
31363
1862
12996
9464
17392
3960
26041
28977
28317
17466
1380
15412
15206
17085
9300
12020
22616
8322
32195
15282
21395
7408
8677
30182
6419
19454
24895
14431
14484
7411
24099
10433
24497
32723
19139
9177
21066
12255
78
12949
212
1590
3711
24901
22026
28410
11609
31753
813
14425
10492
29723
28250
3905
13790
22366
7845
208
5745
10908
5233
16876
7384
25782
4011
27132
30188
6020
32304
21953
18002
26006
31489
22162
14030
21648
3190
28548
24639
9741
24943
23921
28173
22280
30766
13295
23590
25813
31614
14201
4162
2674
28773
6709
20506
14437
14591
4665
14909
11274
8158
24246
11272
25884
26469
20375
30772
22136
5095
21185
10508
10585
17150
30995
4124
26501
27531
17713
14752
26747
13310
6144
24646
19117
19156
25608
31453
30213
2757
13274
2605
13239
31082
16996
20791
4889
31021
18650
2739
9885
24389
30769
1310
17041
62
2450
5194
21351
19957
21502
4100
21414
21623
11016
16685
18386
27147
17545
14951
27045
31530
11007
3951
310
21471
12821
9615
29476
25813
9950
642
27442
20719
22920
4506
21551
9268
32101
11298
3111
2391
1587
23341
7628
26486
18878
31236
27419
30947
9771
29653
306
7315
18014
31522
6738
16377
20065
3057
11212
32486
20343
13138
3203
4109
27348
11650
28792
2834
28438
27279
9006
23320
23030
26784
13690
31715
9446
5997
10075
2854
12363
13277
6999
9235
6703
19398
28486
2850
2882
16303
18585
25554
8629
17257
18558
9681
671
28521
2407
5910
19797
20681
5987
16833
2859
909
28212
24786
9072
20461
2984
31195
24023
30456
21594
32677
26509
5128
22381
27205
1089
26206
30488
7679
29677
32335
12817
13881
6769
3940
6574
19625
9773
6654
4258
14195
5830
26263
7019
13564
15467
18145
12296
13532
1937
31955
9736
12422
31721
17520
23436
5673
14912
29203
25246
18207
24927
24582
28793
14699
19503
21900
5959
23615
2246
12570
25322
9679
25879
9507
20491
17361
29181
28219
10575
22257
12086
22953
12854
16157
10297
2978
4654
17603
4921
12264
25594
30202
9979
25360
30408
27216
19574
6410
8763
5560
5728
11909
20313
8437
31077
7554
27922
3617
20256
4631
17006
6440
26840
26342
13790
23009
28610
18130
18106
14666
28555
13396
15084
3394
15165
28974
18963
19099
20433
21129
32049
22740
8278
16906
30632
28852
4908
27744
13952
25936
8018
6358
19028
5712
4015
21946
25827
16218
29847
1788
22347
15527
14508
24394
5391
17041
23471
4238
11951
1626
13100
20202
13764
6590
14901
14998
4420
17638
2360
31606
19259
17550
1640
13808
29493
28488
5720
12065
31023
11187
10216
4772
4219
22302
13100
18136
20319
9471
3625
31198
32136
16377
15040
28620
25135
21605
3681
10932
11553
4227
12455
30069
30227
5292
25030
15111
26248
9693
28604
32336
5077
10745
15911
8037
15994
1470
14070
9491
11321
1560
17340
5396
31237
11166
27736
17214
16869
22500
31978
5766
5599
7041
25808
24990
32382
22265
13131
16274
18471
14645
28865
13732
30434
18282
18428
12278
404
18888
13043
4909
17847
11808
30833
1292
31935
583
24718
10308
11833
16539
11820
693
1214
30360
11234
22777
28179
23326
22217
29739
25592
26723
24693
16964
10431
16686
29686
29805
17313
13621
22311
5892
10154
20167
17246
31556
878
28064
18237
5677
1217
23885
11925
27695
17258
15528
24893
7721
21182
3227
19425
21713
12760
32685
27146
2315
31234
14669
18529
13787
339
7140
19503
22770
20352
8033
23825
19517
30154
31615
28070
26939
31884
4452
25877
5163
21643
4195
5613
19054
17037
26404
5794
1255
1593
17168
1692
8673
5811
1656
23118
22143
25194
15055
16302
31493
11862
14142
6611
17653
28741
27472
29748
22299
20572
26863
16642
12955
7041
31614
16878
12501
19699
6077
9657
18341
19215
25982
32665
21260
3465
31322
594
9071
30455
28763
13807
10097
17528
32389
6556
7465
7837
9188
30416
8595
30218
24712
18803
28836
18538
24698
6447
9229
9118
11466
17306
29011
11545
7204
16091
29638
32067
32226
12209
15568
13620
9474
21666
7165
16619
8648
9964
2209
8075
11045
10363
22615
25695
29512
7683
11277
24300
11921
28830
20506
3596
2618
6364
12996
6796
13312
2291
12277
18752
15390
7274
5577
3553
23699
23471
27332
16261
3462
6537
18704
27578
19140
10482
1268
21282
2389
21222
9495
15027
28042
22916
10628
16682
21765
24631
31532
16596
31604
12658
1251
10532
19038
8804
7397
10108
5461
15604
22946
17181
621
26461
15773
14769
24481
26443
17458
19355
30584
9545
10943
2149
20862
27576
9692
16056
18998
28682
21615
3903
4402
16415
27412
3200
29388
26930
31644
24014
15799
31738
1668
5399
27449
7215
31532
18094
446
11986
3156
4893
2742
31529
3828
23599
27475
24406
18758
17400
29016
31785
13133
9567
22833
18710
27020
9545
32742
10680
5002
27330
12248
27019
17321
16719
27252
7819
4391
19075
9163
15829
12982
2433
18929
16028
5839
6321
19440
19092
29348
12509
8210
10987
25140
29677
7203
30434
18746
16851
8674
23279
11546
16227
8308
20019
6801
26227
26040
19621
7672
9675
874
19292
20118
9396
20318
31282
5198
23419
5041
641
14017
29235
8914
23606
11742
6794
9440
4410
9394
25207
15784
9964
28143
900
31668
6800
16673
31450
8378
27771
14861
1484
26229
15478
2007
27268
14229
24361
19917
2167
4783
28114
6830
14845
13766
31138
16872
16723
1403
2745
9282
5548
28710
4789
23705
238
15533
17506
15929
26963
29775
3367
6473
15026
13154
8947
21540
18864
28254
2494
25791
503
13488
25894
27036
19790
29092
6056
16728
18473
19306
18284
16536
32710
28531
7134
14495
31458
17310
31353
16745
10660
2972
21998
21566
21574
30412
9477
2030
27918
24501
15222
32251
12536
9563
17828
25787
808
32309
1406
13504
1982
9995
3421
6442
14652
27621
16501
27325
32003
8092
30476
654
2860
14693
29017
25784
8611
10835
30421
18123
1074
14155
15317
27865
30133
23360
29471
11129
29128
13369
22946
14488
19959
14432
24172
10787
7789
24393
3129
20310
25839
24657
13868
8766
18362
12696
12594
2594
24033
8000
22363
22328
21212
2236
12860
21397
2976
215
16670
29740
18957
25533
14651
28948
11972
29105
27736
19069
6249
16094
10145
24476
11160
19093
12250
15471
16100
10388
12392
17397
22705
7925
8578
6058
20485
18683
5438
29023
26637
26949
3476
5481
28651
23801
1463
26043
2901
6194
8426
5308
25128
1873
4435
5282
21853
2687
18616
702
20030
5238
6799
21117
21737
22698
19976
18819
24735
3242
9676
6802
15707
22865
11812
4360
27955
24120
23239
4199
8190
7497
24899
17331
31407
9320
26752
30131
3318
2939
921
30227
3789
26898
28126
21384
24478
18126
8465
10775
31840
8208
17681
6185
24804
26288
31162
25318
14453
13438
31639
6256
14925
22006
17472
7422
9912
21179
5563
18082
1397
3589
12198
24429
14499
6921
10509
25654
18097
18318
31096
22244
21726
27366
28249
19457
854
12651
4546
9049
237
4381
20104
32397
13823
17214
21709
15152
863
6462
4996
2278
24731
10950
23196
258
80
15750
1134
32621
31760
16719
28620
28220
17458
719
1969
13480
10884
4544
30956
4621
25502
24898
31537
32449
1966
26298
5287
13023
29697
14489
2949
5716
5685
15155
23558
11420
29264
16349
6360
24954
28143
11952
23558
25379
16217
3166
17065
9250
26456
105
10665
28766
27172
3759
11597
23792
18591
30147
29721
17657
27574
14044
18904
15980
19860
30103
18528
13195
18837
2542
12649
10900
13439
22331
154
23565
2239
477
5733
27850
27292
27734
12732
1497
9189
13768
10913
194
4112
23726
32688
21272
5021
23951
8946
2240
9988
16938
32260
25898
19166
30406
25866
11016
15924
9453
31047
23609
24113
5683
12479
4728
21238
25416
26365
9269
26845
10619
5475
22387
23572
32668
1248
12404
14963
100
25858
12274
25153
22848
6984
28537
14491
26224
29045
4408
8363
313
32423
13999
28388
24229
26716
19330
32689
32078
12006
13290
1235
22385
30513
22766
8863
8687
30651
13253
28796
7539
4826
27558
10991
30430
2990
277
23320
16330
4247
23512
26734
22238
14298
5662
12735
13110
22409
14903
16065
18775
10697
2529
19989
31719
12027
2178
12868
19900
7077
12243
25597
7148
26287
10052
7852
25853
20463
7549
18531
32044
30225
8178
32138
10780
29087
8431
24528
11408
27463
23288
2272
19110
3029
31547
2853
30799
22248
23638
17580
18777
16245
28673
2949
31683
1784
10504
7691
13989
17478
31779
1951
5881
22041
21517
27381
7715
23320
13140
30509
24344
21852
19234
26314
32270
32454
20712
1276
2375
15402
6391
9305
2225
21932
17721
19965
24877
30871
16360
14752
3052
2674
24517
10982
11649
4642
5668
16865
24562
19140
10653
16755
4162
2465
30731
29413
24355
9857
14138
29331
17628
2493
11260
31219
1916
7048
22959
5160
9595
1019
29388
30461
32045
29718
5805
3535
22315
28674
14650
25333
26676
19949
11083
3167
2789
6852
32635
11368
3455
19231
4011
22666
1938
18396
4429
32629
5118
15224
27953
1642
26761
19283
30862
25518
21105
6863
16470
32517
25826
3701
26689
15401
29044
5588
15820
19359
4437
13797
7387
5241
22624
9601
138
8554
26641
24313
23648
23155
22903
28928
2277
6310
27633
26935
23274
26182
13872
25322
15205
14061
19163
17553
21750
15106
22042
28095
16934
25
5579
26709
26092
11247
6197
5937
26425
1510
32163
7579
24394
8404
7228
27343
23824
29901
1278
7244
31320
27267
25471
32364
3916
26498
26055
9820
15451
8656
32669
18591
28984
25485
4441
7835
30391
8319
9223
32479
11382
17603
12166
19001
4674
23109
1459
26505
1064
3819
2602
4565
31723
23626
19915
3103
590
11382
8546
23582
3640
17605
14153
27656
9408
29111
23792
19520
20085
7232
22509
19332
30693
2182
22721
12329
8052
12352
25154
32547
12023
4292
31659
21480
18996
16483
31307
1229
28799
20523
24634
11197
14295
21932
27787
28249
17527
11001
6935
8361
24100
18295
5571
27374
31540
25969
1825
18800
9147
29681
31191
22551
11192
27315
16869
25785
27637
23742
669
14104
14281
11702
18559
25793
28902
25387
25166
9242
23431
6854
28133
10171
5520
17884
6375
5055
8838
11523
16571
29886
12179
580
739
18139
9983
20122
11659
8687
10934
16188
12755
12908
6710
29261
15826
1080
5395
15225
16905
3832
25789
4155
17430
21338
29480
30840
26035
2241
31543
161
3297
13652
19847
314
26059
18281
32450
11698
17370
20569
23307
29169
23735
12653
13486
25979
4037
7840
22296
6455
15596
318
11606
10054
16489
31440
12143
21959
14231
19510
13658
32594
13873
9867
14699
19294
19549
3903
12435
12976
4942
15678
22921
27607
14749
14898
23753
15884
23576
26377
16491
1745
14226
9566
2735
15751
1897
23430
5305
12135
14885
30201
20698
22317
157
30370
13151
31477
18334
3171
32342
6783
21145
29998
28567
28139
14241
19876
28794
9242
31949
12070
1473
27301
18514
16191
27149
10640
25530
3633
29842
27731
23482
11958
26353
2464
6638
10389
29165
16282
17950
11024
27440
25314
15866
11772
6187
19831
32744
6928
24006
9405
13948
23202
7465
9150
20392
28570
3025
5167
19865
12951
32391
28968
14636
11268
5704
32436
10635
6496
13783
31655
20541
6416
2290
2927
18775
11273
12436
30932
20891
14073
20638
258
21580
7747
24876
24357
10089
10467
30184
8552
31651
11628
16804
10933
1269
5846
1780
7646
5208
17443
6960
6872
12983
24795
28953
24235
23520
9811
17058
19363
27058
31213
28276
13613
24850
3213
22951
15158
8216
23384
16396
8345
19478
25141
23377
27536
22521
15606
26952
12631
1446
30906
20950
3383
23260
20089
7893
28786
7004
65
19980
17477
25160
6579
24959
12170
15303
23526
1997
29235
14420
14487
30730
1629
6631
17414
6339
31396
30725
11680
16316
11099
9814
12027
5562
1108
26854
3423
7776
31051
31846
13833
20409
16790
3240
10601
26808
24396
13244
10369
2153
18296
16335
28540
32267
23412
29326
31053
28928
29312
1963
18125
2433
9731
20424
28904
25842
27223
5685
17904
17725
30355
23108
22878
32724
32301
30504
2085
24819
4908
19647
12557
2119
9309
4392
12527
27350
10709
8006
23900
6024
12377
32299
4480
17355
7161
17856
3594
30726
10038
27678
29159
9505
23866
19310
22864
19451
8892
3605
14557
32069
6335
17569
32461
7282
23292
4060
24635
27722
11033
19971
29051
25709
19922
24565
7123
2544
17747
9230
26305
24556
22466
22934
11372
13979
10720
1968
2134
7601
29977
23643
1678
7957
18122
21831
19549
5930
1775
22953
10534
15424
11564
22385
6450
20101
17614
22452
6111
24742
24944
20120
6045
1857
30472
32702
12417
17176
13547
21027
20457
811
15621
18729
19014
32300
20048
4472
31877
17211
4801
6495
282
9526
17704
598
2341
6616
31332
6221
16368
31823
18159
8978
9508
32561
7349
22919
25264
15729
25375
15619
25871
26159
28820
14943
29590
22776
20939
8800
6035
24762
7508
12410
20873
15987
3326
6359
8481
8715
17880
13449
13286
7000
3002
9436
10455
30796
32121
18874
5142
673
29480
85
3378
1932
14708
5315
16132
20407
11009
4187
8687
9247
12124
25331
27919
6378
26162
2312
4578
14161
32422
7298
29998
17300
24446
29975
26641
24581
10165
2287
14647
5156
3303
13147
30664
11994
13075
30873
24015
31540
20528
11468
21339
18282
23464
16836
19321
17947
28870
2304
13331
29677
31581
17646
6172
10372
8251
7919
7887
24809
12856
6493
18140
18821
30553
17617
6005
20439
23049
24081
25806
15601
4880
16338
6514
18164
31387
579
23082
9156
14322
18642
9898
4465
28703
9357
20701
8465
2566
18960
2613
19907
27599
3027
31167
5579
5702
28055
29232
31683
26908
27420
13700
11788
13299
29205
29319
20204
7971
4420
18225
999
25871
32088
16614
939
1949
4671
3262
24639
26901
12170
19337
13525
15265
2714
8860
433
26492
18190
16284
14634
17388
26851
17355
2361
9472
30594
15266
14300
4839
8575
20363
32077
2391
30224
20924
14124
31283
22803
17064
31064
14216
27298
79
25915
13942
22873
172
30759
973
12968
2474
16909
5339
30204
16140
22414
26000
2817
17463
10626
14811
3874
21365
205
22979
19172
5377
4542
3751
15759
13437
22780
15765
19033
17041
5064
23571
7875
20395
7668
14913
23933
29812
11020
17076
23502
25475
26462
28326
7388
20566
23952
16025
21065
25143
23566
29262
9268
2076
8944
1621
26044
17263
22930
13828
30976
10828
14040
25395
20379
9946
22552
27360
29377
5359
9888
7190
14561
1387
26680
1190
30806
7270
14128
24714
14503
11918
9507
21963
18242
2133
16808
13326
16547
13269
12581
18142
20653
20191
17723
28938
32149
654
27963
5850
3581
3617
14692
9747
29685
10593
29527
8696
24276
1746
28124
14949
2998
6225
8103
10889
18242
23861
6743
28324
32530
12245
27783
13895
17721
30926
26731
8821
21776
14900
20570
26723
3442
4680
2115
13236
17961
26363
12981
19262
7899
3511
5085
21088
27588
21812
3138
24626
7133
29956
28
24494
16187
5939
21157
7790
26446
21656
31903
29718
31323
17518
23545
27388
3843
26113
28271
3383
20606
10764
15774
10101
19845
32550
24413
31536
23898
2097
29449
30519
26432
30513
25772
815
23432
25349
31760
9811
20972
3953
28645
28536
31342
5588
24684
30519
4003
24431
8502
1517
22724
29302
17232
1691
26061
10815
12351
20397
16169
29839
185
8683
27474
2957
9109
23733
7309
14724
17376
21904
5483
30696
27838
23315
2999
23207
22269
16933
12072
18830
22383
5205
13575
12507
6928
30527
9600
15369
5929
16340
13479
31684
13160
19658
13042
2099
5032
14327
1730
31983
20310
16479
24732
19154
32648
2915
19533
9925
6418
3077
29102
7869
16490
7968
7234
3154
4116
26524
998
7239
7628
24836
8584
12734
28895
3933
16868
7205
6348
20649
24106
16698
9198
2253
5747
3969
8228
26747
2971
16536
1140
676
4553
28830
14754
27810
19927
4273
31465
5630
7947
26646
14273
11315
29543
7608
14695
22628
20716
2315
20466
27317
15598
32603
25489
7093
13991
18342
11846
5371
12857
29466
27531
14901
8843
11780
25105
30393
2740
25763
16772
31972
32340
6726
6653
22972
1011
8214
10342
1206
7588
12452
2897
8288
10078
24961
14371
18520
25981
7110
14234
1895
9989
29294
28499
3984
23731
8248
29486
2848
7361
27106
8365
36
25393
18897
5532
2826
6310
25114
23799
13080
15688
1664
30693
11297
30835
28057
1552
17133
7667
3279
8374
11899
24765
15396
6416
16526
24639
7353
421
9465
12072
2758
6878
12233
26559
28144
1285
21153
27563
31564
32019
13876
19245
12081
25148
5218
2848
4331
23207
25507
1631
4260
18806
11033
9818
10011
12119
21275
16212
20421
19048
9420
30703
10192
29562
32488
25619
20880
28851
16270
8387
9632
26422
20664
14804
23578
21546
18751
30115
15934
9534
13187
9370
6090
28476
30556
5542
2514
4313
24396
17179
29339
19168
107
11290
611
30520
18758
12373
24407
3463
28121
1773
3170
16269
2495
2678
605
22453
19390
29926
24918
31998
13265
32188
31038
9564
857
28083
17514
17723
27554
6659
25350
32023
12010
19841
8442
9646
26675
9931
31001
4272
12333
6218
18818
19531
30610
18091
9146
18565
18940
23958
19996
18692
31059
22448
4297
9868
22660
30027
27938
32609
2387
17892
18247
15593
3205
16845
16551
22842
12521
23160
10781
9439
32559
919
26418
9028
3296
31653
21621
8361
23615
26882
10497
17301
16374
24271
3091
27543
23909
13157
24558
15462
32312
14999
13725
4058
22935
5481
32159
1040
31780
21952
26593
10870
25573
11549
28259
23635
1975
8446
14479
32568
28503
25899
8641
15183
31135
32093
14877
1856
7246
495
15458
31381
9274
5409
30623
9304
20943
7866
31051
104
18786
1446
3700
5499
5251
32656
6664
19326
2885
2425
7334
11793
5224
27239
16884
16138
24262
17872
8634
125
21102
32139
1407
9530
19569
21240
16601
5601
10117
27009
23544
16947
18227
10689
30233
15898
23120
29719
16530
24743
19148
23143
23181
6827
4123
12239
5090
2759
12288
5340
9987
2734
25038
19319
8105
20135
24079
25235
18469
14976
32160
15005
28184
5169
19808
5624
6650
5473
14436
26446
24966
28291
8533
6941
16191
1432
2875
29591
5076
28792
11405
8368
14063
24189
12814
31972
6213
3709
3003
17332
31881
24932
14479
28866
8303
12555
3529
16418
16164
30717
23616
3025
28307
17895
7072
26341
8820
16379
7928
29941
17154
608
4809
347
22806
24748
6309
19495
15410
18853
17599
1805
3375
16487
21539
3715
1856
7384
25639
32355
23313
29878
31625
8013
16815
3296
3435
8904
14718
20731
21100
28681
4802
7819
4529
15761
18052
22790
18275
3056
30629
13016
10451
32518
9860
17959
25754
528
2175
27646
16932
1802
28864
31351
19563
22437
23696
7067
14297
16705
26955
2400
14130
24318
14995
13878
22816
28791
25389
16613
19862
32505
25861
28580
10243
10135
21882
2568
19539
2289
23696
18925
11437
14191
14050
20709
14651
30935
4113
1686
3005
28318
970
27909
3828
29413
17598
26419
8311
9789
8268
12366
29694
19101
10334
26085
31290
20111
22276
6365
12996
14690
28714
2966
23214
2697
19514
5281
8797
16161
22976
4693
14130
31054
5442
21028
22392
15642
17002
2844
10128
1074
18463
5595
8657
25662
21945
6382
21042
4499
29764
19864
29280
9330
27108
16861
14130
21996
12548
13675
20294
21997
3256
16974
15930
31557
4753
8548
32681
30084
20229
32220
5276
26614
527
24538
3033
3198
22998
14696
11293
29585
25737
10137
28033
32441
24535
29379
13552
12640
24441
19162
3038
24789
31306
17493
25052
21161
10568
3478
10414
3704
16684
24310
12241
1951
5603
15738
27764
1140
10291
550
17883
2566
13877
8646
696
10287
23307
20250
27527
14190
18350
4859
23682
901
25086
8782
28084
26458
1729
10882
2792
18475
13037
3098
22655
13077
21096
27280
15350
22724
28419
29634
449
19012
2555
30749
24312
17038
14800
23835
20785
17259
24199
10334
24995
17193
797
1337
10984
5348
12043
21779
1406
15058
1572
16963
2148
7644
3961
29041
24408
22637
9205
29034
2420
27492
18340
12205
11109
9207
29691
14618
30326
3296
6182
1358
32184
25414
19039
30414
32584
28828
13196
1373
28120
21130
6441
11815
16674
15934
10776
14416
22364
14039
1990
11529
203
26822
31592
15146
27028
14052
31134
14287
8494
11688
10088
28008
8506
15132
32449
29440
15336
6576
15819
32513
15325
31064
12127
15001
19564
2803
1191
9026
27095
19188
5258
10555
14781
28497
31136
10876
1557
9042
9231
12591
20069
29303
941
11616
14328
19694
22018
24583
3606
31741
26205
9291
27752
19404
26263
32190
4362
22504
28777
9074
20411
18040
10597
28125
27552
8291
29567
22633
3691
28442
21029
21448
17290
19848
26748
17257
18155
16975
6846
28586
18460
31998
21300
14936
10773
5782
7274
16555
19118
13403
7706
30662
1449
27868
122
27966
12158
12797
30727
16722
16668
16324
15218
27497
32094
31546
28879
26590
26707
26522
2813
4457
22702
17093
12697
29185
25717
28316
5104
17240
885
4972
17768
26023
22125
12263
4238
32140
16899
7391
6668
25734
29815
1883
5896
22416
21489
14602
4907
7550
28747
30055
7078
1187
9714
25793
31358
16782
6559
25374
881
5940
13266
26142
25891
3265
32569
19820
13921
14704
16639
27879
31762
24354
32579
22993
18606
27405
32280
1816
2424
29194
4489
31976
7556
6399
20499
19778
22182
1058
31854
20189
18566
8848
22838
16372
25921
27042
23370
31366
18219
3854
8726
8414
11437
17093
16900
26051
5113
4581
6907
8755
2892
24394
6892
13458
8986
19941
21343
20242
24639
384
11204
31412
3028
19718
25397
29125
32210
9823
27036
19434
5958
21267
14597
18025
14905
6980
18401
14927
19080
17476
31883
24548
16633
22892
24820
3238
13039
3506
26682
25243
27
6575
22468
17242
27645
23767
22636
18332
11079
3553
3077
15645
1893
20485
16213
10667
21328
18136
24287
10163
2640
23864
13850
569
9380
19315
5301
9606
8945
7350
7125
32575
15894
29796
8997
8524
19247
18920
23807
11679
30493
25226
6648
14517
8991
836
13571
5392
97
8372
24764
12160
14811
9056
16534
25146
6089
22279
14857
23663
8354
11276
26697
24188
26487
2183
2757
13118
27572
15885
5635
17388
2273
14810
27499
6499
30177
11974
29501
1643
31162
29768
28992
22074
15159
25167
27370
32432
6350
12378
3068
5714
2708
15156
30733
25422
23921
17355
701
7851
5480
32752
14168
15785
28935
12017
30512
19986
21755
479
2793
8950
26186
11813
20037
20531
4385
17469
21516
198
627
2659
7829
26231
12548
7203
6
15066
4784
2334
20092
22874
20847
28098
5005
15602
3485
29846
21780
19691
31860
31189
26655
27421
26355
11631
8575
29469
11784
19515
24705
2362
26080
10513
15288
20282
5045
1920
7562
8453
10100
20785
7638
27371
8863
19195
22815
10896
2226
12046
32766
16193
26778
3240
4347
199
26133
9942
23653
10093
9217
808
28493
20613
8170
29094
6415
25322
4117
8562
7639
11094
30785
17748
21353
15155
14987
20274
2439
10775
5851
19119
23654
2085
32495
6793
20397
7874
10514
31179
7420
15799
28029
20312
27689
12478
26464
5098
4781
19439
22999
20741
18310
25058
23278
3289
16534
25709
29861
7654
6240
4791
28520
19891
30238
26010
15048
27973
6654
12100
23829
27298
28308
23054
31683
1616
18282
19007
12682
5542
6829
12663
18339
25277
7762
25960
18874
30221
28180
2427
12399
2539
18604
26739
13227
25873
28059
858
14021
25206
20888
10579
23355
14343
11945
2625
26413
26960
18101
17197
2767
19702
18630
5858
5068
2369
18028
11144
18402
26017
30602
22462
9763
8793
13029
4687
8590
8909
6298
21441
31958
28402
2351
4884
18695
12494
24632
17535
9285
24262
27003
13217
26873
31609
3040
21196
7219
7134
20910
12379
32617
2944
22396
19312
29877
15474
8445
39
7621
16048
21630
22064
2966
29979
25758
31218
14233
19748
6508
21105
7757
29878
9073
6025
26436
29073
13779
23917
16990
29082
3131
9879
10987
23240
15524
22793
8146
27276
15224
24845
22302
4082
9510
8852
25377
13640
22617
24605
18997
11779
8752
22398
13810
28766
22101
15765
9211
24717
7415
28768
25818
23086
15475
20163
11709
3492
19340
12893
18856
22943
9188
28729
28678
26043
9665
16324
11387
1940
16474
3463
30707
7147
3592
19894
14268
20586
10560
32744
8458
15959
7483
23998
6469
17640
31045
23895
18161
15406
4295
14559
30621
8051
27399
20906
13799
3324
14669
3452
30132
23155
26237
20021
14007
23822
24637
27967
6428
22367
30082
29853
7341
26317
15479
29621
18288
16519
8924
30094
5027
26744
21396
15952
10311
5138
21836
6601
5442
22438
4626
10048
3100
10047
19156
25499
10465
9863
2462
1460
15065
16520
25846
5776
8499
30403
7654
2320
15060
22525
22319
1402
25679
10985
23842
15670
21419
16858
1127
23842
7676
24653
1710
12073
29674
16233
13720
16968
12412
15162
3904
23914
5208
26236
3834
29288
22107
7018
3874
23308
8961
21495
13146
11244
17547
14103
6629
13142
1939
4124
20986
8244
121
20898
6212
29748
17697
14590
32554
31082
31222
14097
27631
21151
25104
13321
251
13328
17974
8487
17393
19211
7059
32021
10776
21885
10682
5460
28504
19639
17552
27914
28259
30544
31174
25439
12902
26503
2236
8730
7763
2199
14620
9581
18675
30310
21723
12402
21442
2110
22530
4900
26152
6261
21939
14705
25154
14140
2898
24976
32689
737
20882
28194
11238
19607
28736
19403
16723
29759
12148
11813
15392
7017
19996
15137
5780
7119
31033
15840
26949
21062
12887
18038
18213
9494
27815
4631
24756
8798
6944
6910
21193
21259
18396
27690
29162
28406
9968
5622
7638
28599
2406
13896
23366
7276
14566
20226
13245
31633
4154
10054
3219
21894
10773
9100
30355
25273
4594
26830
29824
18085
16943
29755
4119
7203
1987
19307
6459
4702
7866
5170
1830
2865
23510
32072
21624
13182
28573
21970
31570
29027
14497
10004
22617
23306
11169
7161
6691
7126
12884
19559
7363
27682
2018
10364
12530
1260
22287
30191
17720
7986
11994
3483
1124
27100
2347
17481
20301
1358
32143
32526
6403
15120
26776
9313
31774
25601
17345
31567
19767
9594
7088
783
28898
24488
21001
6951
15764
25912
1423
10108
29682
14852
4275
5705
13752
3827
17411
18631
15636
14007
25953
31536
22588
1226
16748
22539
29453
8805
14272
23103
6217
14011
21532
19699
7801
16113
24205
20728
1779
27542
28925
14234
6105
779
5826
14623
20540
26709
22192
5886
14896
31041
17951
18111
20352
13579
11904
10365
22544
19303
2228
6848
3322
19658
15017
25346
18315
19156
27124
24340
26749
2699
21554
25728
18967
2477
6498
15518
26115
8379
2203
16662
13773
28231
14591
18329
21522
7865
21933
1493
8863
9176
1344
28017
14480
9264
4600
21272
9443
23117
13762
3733
9094
26581
4187
25421
443
29584
4331
3711
32456
12478
24019
26582
22726
29673
7651
20911
30845
3629
30798
28473
14050
20646
27058
18151
12461
30316
25881
6460
21992
12655
10256
25857
23652
23817
22274
1319
29055
30550
32671
16247
24199
8505
20817
17942
30526
11301
23537
21004
23081
30234
26646
10575
18691
2386
16294
30962
9801
8154
27572
5584
18418
12323
356
8441
22499
16718
9272
12694
5114
17651
1120
22690
6299
7428
15246
1297
20137
31126
9004
26251
26454
5262
10142
20672
8610
23924
3707
21872
19582
15482
6434
25810
28764
17845
12145
17718
14246
20324
24255
31348
175
14750
64
5322
31619
4037
7139
10459
28943
14543
16043
5167
25590
27683
3988
25873
30882
12739
13044
31648
30720
9256
23626
13668
3187
32230
17938
3815
10218
6499
24592
4262
19478
30917
30946
2365
15999
12925
25670
27205
2541
22880
30257
18679
31671
31217
26372
27345
2035
9375
31880
1764
1802
32274
28940
4109
29389
12987
16286
30852
22776
24498
24576
15559
29564
31878
3090
17111
25310
12354
28249
16405
23802
22372
6625
11339
12875
9921
4043
11844
18887
27873
19913
31942
20258
123
23599
12840
4795
22542
9348
30303
13342
21582
27535
19972
16934
4195
7791
15363
11951
6686
29603
7233
16530
25042
31373
24316
16170
13597
14164
7456
23317
4712
7436
10695
30942
32408
2463
30338
28763
5723
23295
27288
16439
8051
24852
6707
24545
25832
113
13196
22035
7283
943
7902
15887
28953
19793
15837
7052
22947
2043
14832
4581
30344
55
28750
27593
13397
4679
15132
24842
3048
31042
8580
268
192
32219
25687
13133
21706
25393
20896
3646
25000
32584
2908
28059
31812
6312
4207
2088
19430
7647
24189
14197
3143
21558
22809
7858
30733
19349
17058
17327
26553
23367
18246
27587
28813
23100
18061
29066
19439
28103
29250
28925
6408
14492
15826
30397
19227
10035
9688
26191
4230
7719
25064
2511
15602
22535
2820
3001
28312
25741
1439
14548
1375
30109
18568
3902
27427
27991
12056
4737
30750
22495
18105
31025
9650
8083
8945
15045
4598
22525
24278
4032
11925
28865
19729
17870
3984
23585
17637
23462
18797
20081
15020
17496
13301
30624
21992
11130
1893
6692
4242
11799
17350
8713
22224
5131
12399
26508
25209
16667
1145
20028
26362
638
30709
15339
6344
4377
18869
22237
8669
30092
27912
973
14517
9852
28212
16136
25242
18616
24229
25514
22206
6836
29813
22546
15958
13056
26464
1017
32279
21159
6629
23197
8560
4709
30676
14964
24134
3802
14370
2688
1456
13475
24615
19886
13813
16401
26172
13086
19297
32242
22652
25537
27730
8724
5061
8243
16777
21125
17354
24728
29675
3782
12073
19460
15624
13576
30858
25968
17605
12423
7438
15152
30058
20079
1937
5108
7916
26043
9250
2118
1472
11116
2741
15945
31459
27905
1504
2559
2607
25258
10264
5417
30067
696
10555
9823
32150
19271
23186
19376
11697
26713
18728
14888
13474
5458
32676
7051
8289
4968
19204
14751
4828
19935
2929
264
29559
23102
25692
1140
3265
424
23447
17149
4390
36
1501
3262
21923
31697
8737
30928
30817
29722
30388
25294
30919
11318
21353
13008
11618
14633
23402
17508
8887
25329
30977
22067
22198
29865
19268
7517
30071
13898
3478
9524
13561
1555
10113
19848
27304
27266
15139
10819
25594
26046
19764
14224
1439
26369
4744
25905
19196
16126
17751
10773
31398
20745
22046
27239
17393
15187
28225
16622
8968
13725
32129
27801
25134
23644
15248
5579
4649
24969
12342
24558
9139
25899
8287
30841
7039
1384
7708
29260
9816
5957
1399
2670
1643
12140
6631
18823
28248
8316
24952
12441
15064
26275
32187
13811
12206
32579
16157
14027
5783
21818
4742
23490
30038
32701
10818
32488
31045
19077
7283
5156
406
26655
4236
12171
10677
561
13467
28325
21393
30422
12411
8829
26000
1847
26016
3727
30143
4162
3620
32422
28743
4178
9377
31678
21067
3541
19307
12988
3132
31181
12784
10149
25831
15512
28654
17904
22395
27357
370
11179
3007
18863
15474
5031
23169
3386
717
13012
14769
24199
16713
20766
14794
15981
3050
23790
11501
14697
15841
19464
22617
354
31120
401
1245
28950
1836
7522
25288
29974
14161
28125
1442
7768
30399
5421
26728
15938
462
11152
13793
3365
9739
20135
2503
2594
5895
31090
30922
27421
29070
26673
3265
5558
7654
16302
25174
17497
27121
32107
7194
5265
24678
1276
5756
21765
3132
4171
2332
13999
25461
24960
19759
30581
19354
14276
17704
28845
19215
29573
25853
20792
4093
24994
28989
32622
12883
12650
32483
3416
13204
5414
9135
26136
3319
23398
23535
27795
27761
12870
25079
23952
17614
25642
8307
31918
14797
5666
19623
6475
21276
2840
2923
17138
29958
6183
20716
32131
29089
10735
10823
29806
32622
27099
1698
7102
30004
26936
31089
4916
32255
7151
15730
25310
5748
19012
28284
11719
4308
1065
17163
16931
10048
12094
23968
30476
467
2120
28067
2325
28403
13847
32378
11702
21846
23166
15579
9617
8051
22345
22475
7151
13127
8822
16862
29668
22197
8684
15974
17007
20557
18996
19990
24073
30811
30128
7152
611
22178
29860
1562
25341
8290
18146
25783
32284
11240
12636
17241
14507
1456
987
29924
22038
27175
32709
7799
23033
10096
22392
20473
9705
13902
29544
25206
3199
11475
1274
22595
15722
7320
29110
1033
4691
21726
28052
23779
27460
29988
17643
28002
3949
31797
8244
30049
28074
28202
11719
4683
15475
31928
17099
24416
23147
18275
3576
27030
17053
30149
32018
18648
52
6634
10109
18293
31766
13518
2742
907
14104
11754
14642
11231
5441
1940
19295
9321
3501
9400
20144
19533
665
16314
30846
16073
17956
3472
16683
3104
12528
9825
30571
13916
29269
28457
10216
10410
28033
29754
11937
29767
7171
16969
8932
19800
8826
13417
10110
26725
26226
31455
1356
28890
19317
4543
27520
30451
30598
7340
15720
19466
26322
1702
20559
10377
4226
26904
21209
389
31063
2261
10834
7075
8966
442
4407
2213
11101
10061
20353
16701
14459
17835
12367
14152
7838
27396
7954
32630
17702
24929
29328
3106
20955
15657
10717
10245
11800
23608
5982
23425
19522
16294
2293
26185
27667
29659
30210
13294
11050
32260
4304
26800
13350
20784
17612
24795
2276
24971
11278
7865
24329
28560
4436
32426
4999
12180
30562
7763
4174
18029
31607
3055
9773
2837
23466
8860
174
22683
28919
11239
9377
30931
6890
16992
20450
12447
27183
26755
16367
5265
5194
18509
25419
9254
29679
32578
30646
30825
21350
30115
20549
5961
25055
7747
26198
26890
14855
21655
11019
32624
15758
29572
9365
22136
32503
25225
22304
14830
24696
4483
32357
29291
29619
10761
779
1734
29241
22922
16741
29778
29647
29648
11128
1735
15146
7503
21155
4658
24670
24939
24648
18046
12849
2887
6517
29067
54
838
13132
2661
3968
19937
15048
26347
32454
10496
31722
762
7364
11357
19886
31180
24104
13431
8139
6125
31198
10904
6588
11207
13598
5576
21709
7412
11385
25697
18027
22513
25738
18831
8179
17094
29672
25280
18609
9579
20235
3000
1680
7993
6856
30180
27139
3347
7159
13519
9887
21969
19487
11514
11209
17881
27166
7544
25779
27149
15556
7438
10135
25398
15121
30974
5347
31522
16646
10837
21901
19087
8900
8539
4670
21640
1149
1662
1764
15979
12905
24425
9984
8840
15078
4044
19106
6567
18708
24407
26604
21841
3903
14860
11432
29831
30564
2597
17679
11503
15672
27230
28687
16339
30330
30886
56
683
21845
4692
9254
646
27593
10707
5894
13315
1952
27261
27738
23487
1260
16622
3934
15191
6673
163
2586
25286
870
24076
7626
22123
20132
4111
8523
5715
27999
14946
7326
30623
5551
27744
15315
17047
661
17810
20980
9356
771
26185
6904
19123
2421
6368
25228
3962
14121
16773
10160
13527
13770
6400
1645
6104
1432
3119
8473
8086
31859
2465
30260
8608
22816
24921
24184
21859
3834
53
15602
30208
18519
1548
7120
21251
2746
31845
32618
25822
21083
3858
8370
16594
23950
21732
1262
26376
28658
11785
4830
313
27059
1681
28502
5066
30245
20336
31633
5428
17153
14230
10640
1667
20612
18020
441
17241
16506
12500
31904
2981
19436
20191
23298
32390
26817
7839
2689
15578
21989
29945
20809
25633
23170
11716
25030
23749
25656
20207
31499
25690
461
2387
23672
786
18121
22801
16033
6170
30854
31334
324
16476
8991
2634
16189
31387
4600
31255
21615
5041
9623
4724
22996
3833
9653
24477
26342
15997
14854
3319
25527
15790
12203
21080
11824
4148
6595
3758
30890
6702
1353
19905
6071
17936
30447
5272
20531
32248
28604
23095
10560
27713
15948
16732
16803
27498
7149
17136
20371
30597
28823
5223
5959
29629
20633
10761
3878
22515
12540
15938
97
1000
14384
32273
20862
26758
2780
12315
28240
31002
27418
6157
19415
19114
31794
28723
16937
17540
25702
11489
10736
507
16934
7179
26590
22688
7132
15847
23348
20706
25372
1875
1440
5644
13841
17292
23374
10064
9930
20907
26313
24605
23611
28044
11877
8456
14314
5655
1775
30678
16473
26680
26613
22868
22461
22655
9848
14795
193
19813
20355
31201
18533
14026
18323
11787
8641
25245
27371
5054
19397
5872
2779
26563
23885
4986
31418
28478
7730
6858
2486
26454
24075
17998
20042
11704
21892
7538
22532
16226
28811
31056
4542
10371
24062
3102
12203
8816
11644
27384
348
23533
17477
18941
13415
10900
3463
28230
31381
7504
13854
16456
4567
407
6642
9592
5169
24537
23870
18516
22133
21902
13581
8671
4219
15930
31091
8927
2674
2907
13526
32357
18030
11230
6879
20112
10127
27277
2114
30110
11867
13405
3132
26396
870
15401
27377
18662
10322
24278
24467
27631
18892
18870
9885
19440
12819
20083
1021
4160
12499
8011
7911
28433
590
30099
14317
28170
4227
24678
28740
10371
31724
30068
27427
29504
10136
15085
16894
15743
6317
15171
30064
13637
864
24179
5816
18087
22341
16162
2142
32477
448
10298
13891
15385
26558
2924
7160
4959
26583
1141
28636
29975
32586
10559
8651
13581
4018
16618
25663
6581
24368
9376
16751
2993
27311
15805
2654
30123
18958
1071
27018
6036
19152
22488
23446
10159
30802
7289
2549
32628
23510
23569
4257
1344
31159
5715
23420
32127
21173
6392
4691
18001
17458
2280
28251
17582
19470
20500
31727
17978
23156
10366
12215
24606
8745
23580
20852
28569
23628
13095
31345
13399
3573
3838
25926
1255
12795
31555
4473
21096
30065
31747
18589
26467
24791
29834
15884
17983
3190
16607
11551
10272
362
2865
3934
9260
32692
11963
13719
30507
30752
22507
14731
29749
1215
16037
6497
19919
8870
32618
10404
19385
4121
6865
17698
29642
11170
22667
16548
4511
7037
27365
12220
11484
30730
9639
21418
3541
22010
13436
29782
24511
5194
15816
16300
21985
20339
13285
21129
30316
29267
20561
13664
871
12232
8825
24831
13762
2346
30185
16306
24505
18696
28910
15910
27256
15673
5613
13159
23896
31150
23841
25724
20147
2041
10142
19625
14977
3433
11860
14561
825
15840
24558
18974
12979
15486
20723
12162
11337
14526
1105
32638
19302
23949
7169
13177
8044
16696
3491
3673
15955
4426
27732
15215
7279
27050
19382
23557
7857
14372
28646
5499
862
28144
25359
8239
10143
26427
3351
8819
22306
16287
8543
6576
19644
28781
10521
23420
19445
7670
8765
11560
24322
7208
24915
22307
282
31626
27242
11405
4694
4927
22674
7468
2786
19636
6523
11618
19920
16293
3067
26291
9907
259
17866
4995
9375
7103
16653
6738
19848
27681
14933
23365
15177
473
3368
27945
23689
31727
22041
21622
12172
25127
12526
7774
1555
29166
31615
1986
7308
2298
12874
27361
3598
27242
1901
11561
13668
3869
28642
14994
4122
15488
20636
29137
29826
17133
7425
1964
23584
28052
11674
32484
27287
10974
5748
26509
12137
15703
25168
15816
26070
28378
30037
19645
15672
20096
4977
11029
18749
716
21362
15559
1460
16832
26198
29800
9034
840
18239
12156
14703
26602
23641
342
26922
4420
17599
2565
3688
28604
18185
25174
8868
23351
20196
3318
2487
32619
1136
1861
638
20131
21820
7525
8988
15075
27235
23632
14012
18166
28915
11987
29319
12170
14006
17411
31616
16334
7738
5423
1087
1011
14
25869
26983
8832
24441
17213
4668
21130
9735
14330
7759
414
19430
3108
25639
23929
29684
24357
18232
21109
12784
13195
10672
10126
5878
9450
22925
22212
8037
23041
10114
6450
20293
6254
12752
5704
10829
32133
29408
10912
17333
31117
20465
30842
24517
11223
24181
29473
12674
8204
4368
23329
3284
22654
28474
26220
4928
11243
5633
14675
9510
14196
24866
23592
1365
18172
8234
22125
14748
28247
18089
9639
8940
4489
22765
25817
3897
9463
6642
10481
10840
6163
10719
6614
849
26841
23504
2116
21093
15445
9332
1974
32037
16176
13535
17482
8112
923
616
14914
1207
13219
26814
13948
24614
11250
29050
16099
24757
15160
4532
24789
30210
15495
2063
27321
26480
16172
9705
10621
28692
26186
21928
19444
14945
24696
13295
20509
16146
4012
6904
15120
16578
22415
10618
18310
1315
1681
28642
7776
32595
31486
30206
5088
9959
14816
18978
8604
25827
6229
12532
15456
26237
21535
25018
10145
23099
8052
16164
11139
18927
3880
25608
7615
2222
8567
19749
1137
18445
1379
19271
24095
5106
16025
21208
9730
3361
9124
3268
15124
18707
17526
17088
660
2537
25420
14907
21504
10274
28750
26032
19884
577
6547
8886
2277
17685
10926
14800
19514
7294
18908
15852
6141
9846
26965
5041
29372
24900
5020
6608
29444
16477
20676
19651
21317
11505
22268
27170
8113
20469
14234
13959
31914
10615
7556
825
25667
9093
12288
28480
3708
4864
3960
14481
2673
15253
26071
20461
10582
722
1704
11695
31258
3311
19655
28884
6476
32003
1614
17977
30826
16458
26658
13580
17496
16311
21694
14916
1888
20121
29794
8031
16922
24644
26927
15027
889
19257
17932
6392
2297
21106
31362
18697
15728
18106
14178
13876
24127
6241
23421
18498
10200
664
6636
31729
14971
304
17562
14003
23756
12637
396
16136
26977
5183
29432
20626
25641
970
2377
27857
18631
23805
14161
27655
26336
14972
25013
2304
8013
6768
31988
16735
6362
24900
22531
20448
21991
1001
23257
1993
27040
21382
9781
4742
18301
32324
26642
20559
12481
28520
17704
1212
7733
20718
28898
22943
4120
22611
3736
28448
26684
28333
24441
22688
19850
18811
30672
18042
7680
15146
1098
24655
13450
28938
31616
22427
23118
3393
621
3709
22599
20204
10748
1030
32237
30086
32600
6961
25067
24223
14519
6329
16697
14226
683
20136
10234
13675
21559
13621
24406
19020
3085
28500
5541
13817
9412
26982
1625
24406
15798
10546
22573
7543
6597
2131
23194
3749
12631
2159
20258
7279
4935
26305
10473
816
4011
21553
14687
24429
16741
27901
10199
12617
30734
8595
3896
31341
23383
1673
21963
9597
21731
17902
12892
28045
27946
13627
21834
6221
8168
30108
10433
15642
17202
18178
30331
10526
19304
24247
29883
20275
27578
10503
12788
24990
7547
17625
17700
30185
21386
16759
3670
24293
19808
13542
14160
15772
8630
32621
4155
11990
6834
16002
4498
21966
2235
31396
18639
16602
27575
32526
3627
22820
4756
28022
9735
25135
10434
30529
29457
5796
6220
28216
16810
17655
31856
24157
31462
15257
31209
26479
1233
27047
1549
4243
16687
20962
3387
18013
22942
24264
15707
30501
29430
9225
5269
28855
7176
28888
14644
9151
7892
9938
19036
9097
6586
24239
30294
18436
7917
4045
11248
15262
16903
14160
16176
5646
18438
19118
13394
20688
16041
32489
6671
11146
6779
20014
20157
7322
2875
10783
13579
8336
31719
14416
15483
20050
12842
15583
6468
1599
17100
4179
29681
30965
22016
29414
9967
20123
21787
11471
31650
28868
1025
6127
7598
21462
9651
23884
18979
26681
16130
17775
8333
20838
18902
22644
29517
28683
13208
5134
19501
19473
15137
15358
24872
17662
22606
2635
3653
12077
3640
7822
8694
16415
25709
26814
14192
27643
30277
2058
5012
32300
6622
24204
25145
26702
6008
916
2681
22485
10995
1345
19241
6442
14006
7738
20400
18905
28523
8219
10833
19727
19040
2871
2517
11082
13080
5714
4967
5862
2136
814
28724
11177
14334
11760
2925
23240
23009
673
28074
29899
28663
24214
26832
27130
19455
2831
14191
4631
29712
27579
588
8150
25406
12392
18267
28478
8359
99
10857
10968
4768
28675
1938
9542
21675
31667
26271
4684
2235
25811
10927
6579
24081
32309
8992
9827
28375
5765
11773
305
882
21668
2990
1631
31723
19111
29000
21725
15809
32117
15870
16358
22864
17172
5357
9500
31519
24362
2755
13226
7898
20833
5255
18266
5868
7406
1959
14499
29859
19950
6111
31174
4049
15149
16572
14984
2727
592
11228
10352
10332
797
4756
4212
21265
18014
1645
13950
23115
11509
18896
10680
15285
16363
4824
22768
16214
25349
10511
23389
30142
25141
23362
2608
3492
13628
12755
15299
8798
29169
18378
31338
2727
31703
7010
27484
1950
24565
391
2594
4794
8424
4261
27912
23508
26942
4493
26325
463
28210
12905
22265
16169
18407
23224
5169
16673
32461
5645
23282
27142
26609
19478
2076
5982
21511
26139
21599
23115
7354
17464
25038
28694
4500
25868
17203
6800
16139
11835
19550
28024
9754
19995
31052
14212
4087
21985
24573
11711
6550
5117
30991
2672
7134
14444
30000
30094
4721
757
31831
25423
8393
5159
19307
32594
14574
17394
220
5319
19133
3167
28126
12306
10136
4088
1431
12079
26754
28544
23875
3145
20593
27155
20035
19641
19279
28450
18962
16474
30792
24823
10420
7307
17973
28612
23522
7992
25032
18101
21004
12068
9681
27978
16715
31029
10109
8530
14987
8963
23980
3660
28611
13672
24442
6812
11213
16994
30375
8673
32151
1831
15011
19995
31393
8108
10623
7109
26135
11605
23665
12038
23943
9451
29228
24417
8798
28336
6376
32593
30439
221
26723
32466
14026
23450
6380
2652
18432
14767
26386
5077
23641
8449
4119
2816
27646
14711
2271
3092
16556
11977
23499
11921
30346
13393
132
2560
14643
3351
12525
17475
24561
7005
7210
25516
23595
19500
7441
27540
7293
11583
20742
11266
26020
15003
15090
8359
23092
25184
14348
22797
14806
14082
6083
24012
19133
32178
31499
16816
17810
20234
16730
6948
4169
28116
13513
5703
22873
569
5393
14415
335
6583
26475
27750
25158
180
25708
9967
19145
12268
24189
1646
16549
18934
29490
2570
28061
5895
6634
2732
174
24180
26219
18575
29020
7834
16187
5407
27404
3679
18569
22991
27927
11022
32456
22081
5422
14828
27779
12280
5250
7334
1004
11950
16887
3415
31943
4176
12400
13922
132
3731
1586
6428
18964
4866
16948
638
30027
14617
17296
21810
28909
925
2583
15051
7998
26604
30933
4381
21698
16254
16677
1176
26572
9625
13390
11188
32101
6090
7214
16610
5162
28625
8733
18591
7472
27516
29410
30629
17981
5033
741
22438
32352
8969
29293
8029
12475
1330
13835
26891
3532
32186
26506
25503
329
16010
6673
721
14309
23739
16643
18645
29716
2991
16478
31252
2836
1915
20444
15324
15960
10503
10706
30765
7416
7081
17555
13451
24394
15980
19129
29637
10966
25925
21478
27032
8579
29142
24120
28575
20981
28281
32314
14728
24767
22107
12648
29453
8865
15678
914
14129
5264
10862
23059
14750
26400
10689
4557
20858
31075
1368
1682
6408
13600
32590
30551
13160
11199
24760
5836
1233
21059
29590
8402
30998
19341
27665
4982
18571
17301
8835
30288
18503
29577
31823
21572
25522
29025
23253
9524
19932
27549
26596
27884
12115
14259
6272
12004
17750
12140
30974
9667
23463
22271
9574
4341
31129
24188
24142
29179
18424
4180
20300
21794
28012
31296
17863
26741
30989
3171
2651
4401
