25984
21559
497
6359
19898
32209
24697
26312
3816
20868
19501
21544
8587
19648
24604
26747
7132
2446
27455
3071
13227
15959
25035
31614
7877
9853
32227
28676
13501
31540
17151
12817
21447
29794
6544
6831
18642
31738
14505
9462
21695
31212
20524
18162
27259
30775
9106
6627
9181
11426
2858
7445
28201
29098
31289
28302
24769
24845
21667
22941
30234
18668
23209
23306
9890
7850
15
30450
15826
21215
20093
11353
13448
92
28099
23233
21495
16719
30396
20606
11273
23444
30816
15885
2264
19594
12878
31282
4805
6514
18563
12045
7483
14638
6543
22926
22159
8448
24998
12737
8119
26371
18955
26325
21561
7662
18797
26386
30156
27000
30916
13723
4124
25900
29826
21905
24584
19928
26959
1837
17361
11485
15353
102
201
20715
4942
8238
1682
7973
30379
30888
5138
26690
6939
25389
30532
13926
6686
21272
7068
21809
16866
449
27948
8163
16208
16007
23882
21188
29588
10409
8237
7965
22225
25803
27861
20328
26364
22251
694
19511
529
884
30256
8833
7564
8662
7413
29500
7174
7972
11679
28338
6381
11146
16012
11985
22071
136
10047
16930
5299
13788
22167
6169
22865
5227
20882
5743
32002
27684
29921
9350
638
15272
13744
25415
7544
3907
6929
12021
32042
30323
8393
4979
16801
2326
12769
19456
24093
7572
12406
19306
18786
30281
23523
14713
27630
30981
863
2179
11137
23102
27489
19285
28525
10346
9267
18068
23873
4172
6436
18284
15879
32716
323
5114
16144
32328
32766
23115
5034
21041
18297
30363
23754
2773
31438
6465
18915
4235
14314
7036
12621
28537
10934
25093
29733
1086
12188
23020
20374
19995
2066
11568
25953
27626
37
18595
455
1737
6854
30552
3485
26000
32521
25818
19539
1362
2704
10116
28513
31023
22031
16996
22029
19931
9044
10090
28905
3064
552
17512
23623
702
22951
12297
18091
21936
28908
20900
14674
27637
30832
8225
12581
11799
5722
15536
9454
13706
8015
13711
26656
15114
13605
18677
6679
6573
26193
105
9716
1852
10942
21318
19083
11735
14917
14473
27230
7879
16394
2247
5707
17573
24398
16327
21022
29875
18138
22756
8861
19230
19909
4457
11176
18210
23143
28196
18394
24363
24101
31176
1639
12436
1355
20490
30727
17391
9704
19846
23156
7555
19237
18382
91
1897
20471
7072
22443
20700
25812
27612
25762
29686
27731
1485
11359
16206
24795
815
8511
29657
27905
1138
7934
2463
26818
17093
16109
24178
19740
9399
18295
11147
28230
2918
7285
450
13216
5578
15117
29282
23457
27106
16507
6368
16000
8511
32632
26918
26610
1387
23196
31586
9379
39
8371
31939
9649
10081
12097
30559
9748
8987
581
23265
5741
29430
4863
31657
17867
16303
18888
12748
4733
3596
27198
10622
22095
31698
22319
30214
9408
3300
7036
13517
10891
21728
27220
28290
28101
22898
32013
13242
16138
20834
22099
11599
19774
24334
26550
11098
30892
15730
13511
12611
22627
9433
26299
8429
19785
10351
14668
31323
6734
13861
28718
13782
13166
13436
27200
22565
7711
23279
21706
20570
2280
31234
27761
10043
18391
5973
30141
777
7486
10065
31722
30475
19977
2857
2746
22732
30529
3555
31772
25124
24894
26969
31197
17850
21665
14487
30579
27428
21694
9955
15044
14061
10566
28275
24607
22085
6022
15389
12880
24248
14337
5585
8933
14050
29716
6087
18303
12347
12111
5154
3872
14330
13788
15271
28641
31440
4593
15097
30304
27945
26702
8984
17170
28888
10518
3255
2045
17693
13816
21699
11378
5379
13236
7317
15079
24670
25322
8836
13929
20166
1388
10613
5626
7390
29308
27261
1091
4232
2315
3603
22142
11878
573
15374
27729
2852
2315
21145
28922
26467
19111
15728
19086
29721
27388
25552
11840
4550
9010
18825
30558
23900
31006
20559
9729
19708
21325
5889
5777
13735
4595
5263
31280
12123
17047
1636
12685
30818
5112
17663
27657
32120
8832
13114
896
2549
29593
3253
29029
15213
8963
25817
14694
972
6120
16070
27246
12118
29670
13318
13258
12781
5071
16182
9332
31365
643
14365
12018
19245
6945
19389
13339
5222
30653
27249
21722
3439
17701
13565
10620
15314
12894
943
870
23549
6083
13678
185
11611
24147
19393
4758
28200
9799
19817
26464
28666
16083
25018
17881
22081
27390
4364
26097
22951
8727
13584
29090
449
32280
10387
30649
15243
25092
17175
20567
12429
19843
333
5860
9444
11398
21202
30538
29635
24502
21001
1859
6321
16840
30179
26649
4196
17155
10096
25619
29370
27314
2540
8012
4969
3509
6022
9989
28342
15399
18318
24781
2849
29635
13443
19659
19649
24267
1896
5962
6631
26299
19110
13623
25846
4684
25456
9619
30322
31117
15548
7546
1264
18377
1875
7631
16202
24080
11203
23411
32174
31460
14165
598
7779
15096
18581
28374
27158
23
4432
19671
25246
5129
12642
30264
12817
19058
14036
25207
16784
1257
6828
27711
22712
23280
29122
5716
5016
9189
11293
23931
29601
7682
14900
19776
18826
24608
5309
20224
16590
29425
1290
9649
25514
30102
32573
15941
19933
10640
23392
7119
30079
5335
31805
15213
16357
731
18018
29916
28384
2744
4187
1298
683
19747
25214
5376
29022
6808
19128
7005
8401
12356
7863
21267
10898
8160
19782
21086
30373
6168
351
19289
26268
24210
28627
20868
29927
14113
8758
23312
5097
23977
20102
2235
28442
16927
14567
3582
18991
4547
27411
32156
23566
16526
19337
22303
28600
22852
13296
3375
18431
27699
11709
2729
4383
23332
20730
6058
21556
28573
18802
6838
21262
6422
18494
3484
20190
127
18000
28755
6547
18420
16807
6225
15948
6710
9146
9646
2894
1469
4410
17178
6692
20134
8286
13436
28727
28332
3585
16820
24856
10182
5676
29941
12386
15335
30560
25800
15974
28379
17663
4657
32490
25069
15285
2159
26060
24198
22892
30389
1549
3299
10442
8406
26615
14206
23310
18653
18951
14443
9620
20001
6197
3183
31426
2927
20332
25506
29616
31138
17520
16768
6247
23485
32367
26945
20210
19683
8767
5640
14198
17733
27612
2715
27716
2164
5852
29123
4670
32206
12843
32440
14394
16313
16788
32230
17400
9230
26459
13402
17616
31872
30863
11934
15068
694
9319
5843
8161
10896
31736
30046
17141
13990
30930
25706
11034
22024
32050
5268
18381
2758
6705
23490
17450
23878
31264
2197
4361
13384
4305
14433
3503
9242
22833
28104
1762
3743
11585
19327
20566
2567
6173
14807
10793
6269
1749
16360
16725
28895
6479
22446
12476
19318
290
12
21713
13347
15797
22146
9724
1825
9900
12836
12409
31382
17498
19069
6463
6346
15874
8557
21904
6378
19957
21145
804
27882
7173
23730
23528
2457
27813
31288
11919
32455
30626
20714
32643
19362
10243
4958
18925
6060
24358
5347
1048
32177
15228
27366
21386
21055
905
29771
9420
30420
3058
23392
21027
19884
29696
30907
978
10247
12877
13764
6388
2164
18085
20837
25664
31788
32358
2
19943
12498
32400
20932
23941
29
11382
19739
26804
8552
25590
19358
17584
19544
20245
9732
6614
30953
21878
14
17180
10590
11837
22263
12167
26385
25338
11812
28674
27573
31531
25109
32405
15706
14748
21736
6625
24308
17103
25399
32043
15276
25571
32471
5051
11555
29732
15428
21133
31828
17272
11460
9288
9550
23588
24737
6093
23272
32322
28010
8918
26897
6778
1720
29268
4595
3775
16688
27416
16871
28471
17957
29279
826
29579
29047
4397
18904
15642
12151
25771
17144
24518
6737
3926
10525
22914
13749
19963
30584
11068
17592
19844
18343
31004
22753
29097
11709
7099
26239
24181
31070
19796
5253
19868
25765
25494
22453
27473
15014
13689
26019
3180
22938
19836
12855
23975
20917
32308
15311
17850
25488
21972
280
10175
7260
32285
29305
9897
20705
4389
25131
5639
28741
30795
16582
18673
9006
31143
32767
1525
20406
31683
6564
6060
23525
21803
10312
12093
31824
7136
24827
10887
10299
5132
29678
27038
14940
11617
29209
2660
21979
30281
30441
2472
18467
13393
684
4831
16696
3846
29403
24035
32426
4281
2160
7792
542
12423
15221
7853
8913
8792
31014
29829
29640
9907
29174
6225
5979
2224
12747
21183
11806
21737
13640
22772
19475
7608
24907
21523
19390
32032
31088
242
27515
2191
1312
20390
28285
7835
7620
28178
9441
2970
22276
138
8667
2761
15569
29612
23675
22868
23710
26429
3961
29893
23377
26598
30037
24209
14951
3972
24520
32608
12741
9007
13346
29916
25364
22942
27941
19651
18204
15806
20675
26757
14854
15078
10248
273
10340
4987
16888
10172
28311
18746
11493
10119
11784
22690
14904
32020
26275
1466
20289
4109
28078
3496
19603
25582
23650
21208
9993
26125
599
24820
498
25726
23217
22248
20305
6650
15790
11053
18507
23441
20385
6797
28304
29509
26785
23515
18846
26049
14599
7164
2307
26138
24546
3171
5595
10475
32488
21123
21241
11913
29525
10273
23608
2201
14853
23151
20263
15814
22407
8701
13193
1803
7483
11996
7502
6856
3973
7291
8661
25628
8596
12207
10058
11419
4913
15067
14626
3176
15683
10295
21118
27990
19136
8762
15221
20319
10614
7963
30454
23780
16731
4625
16522
25829
19796
3404
7172
28571
29838
14203
4675
8733
26318
2194
31499
21300
20096
4330
15295
5896
27773
15735
1337
11502
24183
30628
22258
22936
17634
1017
4769
18514
12394
13486
19265
15202
16119
7208
11493
4078
12506
22148
10713
7969
28675
1637
32682
11024
31778
28369
9956
28995
15709
17000
26411
29064
23285
18089
24472
5093
27447
3311
32091
9186
8366
12458
15250
3228
5938
10854
18859
19911
30579
16944
87
29210
15262
10031
20121
17623
23748
32736
4395
24713
3065
12574
850
16332
17682
27148
5961
122
27767
9755
1337
826
2718
19541
32491
21804
23106
21553
11964
26680
32190
32345
10590
1261
10620
23561
32476
16971
30197
27826
26813
4491
29511
4268
25787
3313
32068
18065
31630
21746
10398
22389
852
16179
28109
30650
408
22188
32175
6448
21665
17879
21364
15500
25188
22390
13543
21011
32348
7770
32741
28589
32268
26781
21096
26987
8267
25959
2911
15865
31533
28025
26688
5960
10573
18369
9115
25066
5013
15516
26898
28271
31833
21759
22625
8907
1336
18084
26511
11208
9510
14275
8929
14628
10024
21197
22633
5405
17708
2796
14334
13526
8293
2435
11237
8325
8736
92
18800
13496
30088
25354
27955
19879
19672
14370
372
12771
1663
19633
8241
14387
24074
10787
1052
8085
11262
28864
32546
22762
18387
16102
14542
166
25715
362
8971
1140
8038
14985
18121
27423
2075
23180
24061
15971
3026
11170
25373
11803
17348
14165
2040
20031
23535
20953
18040
19608
14368
1108
30324
22256
26926
827
25553
23625
2931
28611
9829
25680
7135
30428
17509
1394
11408
28582
15680
647
7047
758
2055
9689
4844
25227
27911
12208
8757
5459
22236
9491
17011
19924
29493
22734
32530
19897
22033
5756
24361
21385
3932
32324
20643
9858
32583
24593
14771
15952
20552
19406
24330
18346
3101
30934
22274
1758
2601
17322
6752
19442
19550
26212
27908
16482
4122
29505
31428
8312
29223
14713
21623
10829
24566
15742
30513
22311
1769
18903
24533
26481
21763
26868
17044
14696
4093
32095
5440
23164
13609
23294
31823
25220
5472
28924
30312
31790
24269
4735
655
6584
8046
17014
30413
16722
13077
31757
32437
24160
7803
17502
8411
23116
21802
3567
1860
10054
5831
16780
30297
2882
22723
2934
11032
24078
7319
10936
28483
22388
11099
12168
20344
3780
17194
18259
23327
419
18612
18162
1099
13268
23457
22899
20524
16024
10908
6987
31798
1787
1193
6055
2324
20066
8541
481
3276
30690
18441
3343
2635
32730
24595
13659
16757
17962
11944
17376
28896
9242
153
920
17849
18868
9359
18625
5723
29519
32499
17421
25136
31252
29695
14018
15640
5525
17364
16412
13723
29354
7770
29222
21229
1877
9925
31006
27122
20053
1731
13925
24867
25552
12615
21170
23404
20158
31298
13895
3770
5131
4281
7974
19466
28050
11586
29362
22980
29970
5506
20771
6630
1545
975
12046
1423
10424
31469
11764
6142
17804
5813
2483
29251
15130
617
29557
23363
23321
9246
29562
3334
17822
12550
20866
25729
1565
9625
1533
31289
2581
13576
25967
12021
4711
30183
11658
29842
25443
21712
28727
18427
28081
17189
25334
25379
17417
31344
8680
22354
7326
5574
19280
10567
9666
11365
29840
20759
4820
25776
7025
19502
5338
15450
23887
14517
9025
12731
5048
23146
10756
5181
31642
32153
3904
21490
4156
10825
28615
7976
16723
21055
27743
11805
13946
18394
30031
23613
27166
7142
17546
1290
10201
27786
32155
299
51
26492
18505
20668
2068
12355
15050
24728
22993
29437
2351
15226
7420
14179
6365
31859
15382
31317
2633
2255
3775
27408
3808
26782
14562
7161
12698
16061
14675
15605
9740
31580
2677
23668
29513
7194
7089
8187
29622
3126
23095
10922
23220
5145
19112
10253
7487
22683
24864
15319
21457
25167
3104
11006
24727
5602
26044
14825
18502
4883
30620
29840
14430
21724
22664
8863
12025
1023
11905
21919
23869
3934
5693
14371
21321
1769
22004
14260
11249
3938
18814
12897
11765
20838
23294
13343
13026
23511
18835
1694
9215
27244
3021
630
20172
2091
26293
5321
22789
462
7059
2550
21029
7900
21279
15983
8097
16352
12392
8030
4708
61
19892
10773
30210
7160
31238
29662
7215
837
29611
10717
3062
32331
7058
12857
29641
17988
25479
2270
23159
3156
391
2272
2175
31863
17174
7501
30265
25598
5305
9385
31934
18539
17245
26803
3455
15315
30638
28353
27774
26345
9347
25087
30427
21180
29381
4060
29063
7882
4241
19004
23305
25290
31929
12635
10083
11619
28032
18468
29897
24268
28218
18442
24727
11760
4870
9563
6978
13866
11911
16348
21662
8158
19752
17657
2408
11146
15540
11017
11789
2881
488
20702
19648
10149
25267
11578
1768
14202
21661
18434
19898
6439
32711
3954
17520
15609
8036
3730
16817
3803
8663
26801
24983
23412
26782
31499
17118
20532
15603
8489
11292
9179
10605
26014
2114
22968
5449
18235
4851
25255
7607
10633
4325
27653
1722
19384
17044
9480
25488
23685
22314
24709
145
28522
17750
18352
14686
27327
16891
31653
18955
25831
14672
22728
22025
7481
13889
8621
4224
25337
27592
17987
1105
1973
6518
22758
4910
3063
23292
9024
26123
11227
31741
27922
1985
12457
23378
6911
4361
4714
11957
14645
32131
18114
18434
15314
11572
26868
4113
30100
7791
15200
14536
4189
9327
10330
26493
24568
27582
11500
5224
24269
1461
2348
21449
1156
9116
4361
1076
12119
14085
18670
23487
13354
3029
32056
10523
18746
18288
26119
12762
119
23629
31382
12782
19727
20164
20242
29325
19717
16973
28590
11408
21068
13806
25683
25107
30902
18302
29112
13488
12622
11467
24959
12044
28900
23453
28303
9944
30510
11246
20160
16882
8787
7599
5244
31266
31547
3500
13603
26358
17030
3603
11475
1579
20123
30046
12878
15718
8186
8762
17977
8412
26683
11665
18969
28839
3247
29499
29579
30566
3308
8900
19773
13710
15164
3978
32280
32733
12162
13779
22382
12988
11314
17470
7285
2737
6365
4826
25752
1518
31325
9077
8571
26250
6886
18490
3678
23216
1868
23143
16869
30535
30253
17535
7237
9164
18349
20428
4619
11684
12926
7642
11771
24912
32458
10441
29692
32669
24211
13226
3696
32588
9841
6523
6212
30240
3035
6799
19718
28235
11615
24768
8634
29313
12336
23938
9408
28187
30375
29666
18192
6328
32635
4432
21822
7895
30461
58
10091
7857
7828
13909
12675
21329
7775
19410
26672
23546
6557
17814
14635
24024
24717
2758
660
7853
5226
29047
3196
32114
8010
29104
14280
26024
18987
3891
414
31406
29805
18054
22656
4452
4500
17693
20528
17442
18380
28597
1756
8554
26410
11730
22180
30196
6830
26855
23898
7023
15615
19608
18297
10626
18171
21557
11422
22903
18035
19900
19323
9929
30647
24967
14346
19920
20318
18979
913
26744
25877
3593
16963
2223
25357
16817
8872
27711
27718
2130
25998
3529
23069
30337
18398
26603
13455
18690
21242
18752
11671
17348
20520
10013
32767
4954
17893
30188
8843
11418
20977
24444
3070
30166
22433
13355
12890
28
20073
1495
1858
14244
12979
12734
23127
23056
6405
23586
23783
626
21469
5349
7380
29191
27203
30392
312
8353
22448
577
7012
28859
24168
17401
25336
21090
30620
22387
26893
547
28186
17098
6359
28431
28697
20842
20256
5445
13584
24728
31148
13284
1776
5338
20523
22216
2356
27318
1875
12639
9697
31169
10496
4123
1174
22754
32157
32695
28015
28599
8172
25826
32360
1736
21310
15618
3549
28861
24506
236
12303
23149
30234
18431
29632
679
19392
29397
8003
11991
27992
20282
2869
7325
14118
17331
27648
6669
5033
849
26184
19200
14684
4045
32405
3028
15889
1554
14974
26056
20240
32224
8651
13451
14188
13606
8112
2878
23965
14238
10708
22547
30938
1533
24147
20311
1654
30397
8733
29867
22331
9652
27083
21123
24453
20031
11354
32411
18500
3049
19432
4238
14656
21029
9186
30041
19059
51
23868
26267
1071
20107
20822
9432
14456
7759
551
7495
28014
2541
27075
15957
206
3498
13971
10493
11249
8267
17610
24399
32680
4869
2788
12425
19574
6650
12675
13640
15444
1100
18537
9543
11986
1703
23746
2239
25949
30306
28786
7754
20266
32759
20524
18980
14334
10491
12184
23911
24903
13796
21812
5988
17398
8507
29265
21075
1341
9857
13266
21844
15724
21812
30639
16105
3499
2460
3043
6607
12641
505
20142
12596
6829
30352
8823
30607
2221
20036
32597
24441
9617
4086
12150
17656
13255
28988
19600
9794
479
3721
25632
10236
12476
18515
5375
6557
20613
10260
30175
12424
25275
5853
25516
21192
2819
6724
9461
6343
23131
27032
12498
25780
12629
1509
10606
18331
27128
16461
13268
25628
9756
19038
13796
24259
30202
8196
10592
31450
9661
26199
32485
6988
23008
23140
12400
16825
9007
2533
29007
6122
20796
25810
20432
439
16689
14961
11796
28024
10081
10514
11286
6968
13204
27653
23980
29816
9923
29150
29849
11057
22889
17047
2593
9377
28166
27469
27078
32758
18047
25974
17512
9871
10078
11961
8583
29786
32214
3757
16954
5834
30700
21037
17959
28418
14111
9649
9872
29582
19760
19016
112
4197
8996
17784
29916
16526
21132
5966
19623
10846
23294
12432
25582
17714
2411
2103
28879
19261
23859
3949
25637
23394
9083
2640
25939
31391
4300
4646
9001
6503
826
10654
25235
22513
22165
3990
29880
2184
30315
14780
6205
916
11118
28993
15854
8338
1015
9730
1775
27812
14300
5542
30746
16097
19581
30171
10107
20804
28773
19183
20441
2735
6150
30828
20637
19471
7497
23498
26425
10845
7212
25435
17254
1621
25326
11552
24919
21636
23915
15194
24595
20730
8890
3215
8714
32393
803
12983
21714
19287
29401
16223
20769
30962
13005
30967
29017
15154
704
16058
28849
11504
5718
14176
17201
471
29460
18080
2974
27068
28670
13868
20553
9836
17015
28236
4159
17549
16672
21711
16476
72
19357
26469
15801
3086
6888
19301
9031
13191
10792
21300
12248
26632
14178
18632
3426
29202
12500
24017
29799
15161
24533
17044
11030
1812
3689
22272
28337
27252
9901
31384
19206
19707
15974
29716
32193
19708
568
495
15164
7058
11774
18089
12559
11689
23789
8555
15530
27692
2619
25984
27087
17963
29269
31463
2169
25155
22731
15493
25720
10432
6298
18056
26477
20713
11424
5056
17309
14398
13642
16445
8907
29377
1552
16114
16476
10634
19003
4789
20052
16861
12695
32126
9253
6132
27924
1067
32074
20566
5942
7395
7141
5410
13375
18228
19871
12127
13845
24780
18755
29498
3064
32041
18202
16947
24026
25893
13953
30822
5607
7570
10628
30243
16842
30039
27522
25256
24419
5002
2729
6379
2491
7931
15824
19233
12269
19035
25434
18839
3497
6899
5430
17254
31945
15756
30967
24314
14878
15948
7294
17287
9715
16954
2959
8740
18046
20363
451
22256
28746
17987
10184
24936
4539
27082
5754
22499
6040
14552
8145
11158
23240
7554
29352
9896
11870
21533
5360
22120
1500
26077
26838
22294
16832
25564
11580
4998
28396
31382
14647
435
20370
15167
21152
21429
18985
29420
16787
26050
28342
15081
23437
10384
9112
11093
11101
11754
5411
25284
29756
13316
5404
2211
25655
7544
653
8520
8078
20479
5723
3341
8188
2530
5183
203
23573
12463
30893
23844
8780
24158
12475
1418
21995
24539
28948
8328
4288
31511
17679
5458
24183
31022
3798
18892
13130
31451
4054
31676
4949
27811
2630
22073
28630
2478
18258
13170
19341
18835
5716
10482
24422
18378
30821
25280
29870
3821
8101
13724
28202
24307
30747
28532
24032
15309
26041
32291
32443
23980
3116
15954
16761
18777
19997
8941
19525
600
14389
22723
16301
7134
20965
17265
22772
7897
22795
14635
32090
24552
20551
834
9897
21130
15947
2351
17410
8871
13502
19664
15902
29717
17715
20101
9100
826
11685
31019
15966
27063
14561
25712
10720
32699
8536
15037
28076
31174
28128
18594
10833
487
10843
785
10811
11231
23436
27031
30942
24366
1643
4683
19976
19467
4942
16829
9967
16725
25861
18990
27906
23432
26937
27716
8991
32033
20109
10694
10232
17151
13493
5760
23814
29707
18871
14211
7901
6101
21779
7083
10209
28933
21484
30602
10905
17942
29966
10794
32357
28390
6759
5037
5302
1308
11326
18774
22798
18952
4348
26624
6165
11947
3740
18960
13039
13363
23994
31855
4454
5733
26867
25562
12018
27566
15782
7498
4758
30260
30871
12528
4722
19465
12778
22050
28375
15135
7337
26390
8786
27690
32246
28569
31766
11689
27022
9663
28804
4260
20020
25346
27001
20904
13908
25039
3600
362
389
8331
21916
6203
989
19224
24979
5850
24882
30288
18967
19379
11468
14389
16032
17859
23569
32742
3175
27224
26211
14298
30281
29719
26102
17517
10113
9211
25472
2586
3709
22215
18775
14130
31901
29441
30058
17106
8948
5865
18653
31358
3520
23706
21139
30648
4050
30492
29015
9873
9372
11496
26048
26448
2486
20024
2698
17164
8285
28919
11839
26919
17996
17507
4206
18044
12130
500
377
26590
25839
18153
11856
19835
9034
11298
4635
30592
12009
30431
41
9886
6858
4100
18828
24871
27346
10350
8760
23589
10672
16381
16960
8448
20807
13223
28796
5518
16318
29998
23388
6227
15529
8187
18967
31568
26702
11064
9681
27550
31901
27579
26916
2352
474
24775
23154
11993
28531
11543
27525
10706
21015
9540
28094
3813
4355
4428
29439
27070
24064
8042
13949
31602
11582
28336
10861
2111
14536
31554
25672
23302
1645
11275
12179
3962
15723
31632
2139
22376
18076
19511
27651
22820
8184
8268
7505
66
11496
32049
25932
7878
792
27384
5530
3174
10385
29399
20817
16312
28750
23509
17631
12204
32761
29724
31098
23422
21704
17486
2844
10786
18309
14637
2195
11302
20723
12655
5296
23486
18326
31937
14045
4936
32662
322
23765
19678
13920
7454
30622
29109
30477
13547
591
24588
2041
4160
7108
14801
5674
16403
25671
20166
19862
26286
32698
14520
1537
23061
29738
8075
4158
4326
13777
21370
16449
17152
1805
6139
7124
18726
14565
7272
5487
27175
25930
5509
1043
11486
16849
21550
23554
10300
12465
3186
19782
3205
9860
26554
9009
4210
23774
17618
30601
24750
1043
18868
27179
24801
31551
631
3952
9061
23743
21130
14284
30070
22125
15269
28958
14117
11597
25898
20451
6400
28942
2970
23441
23328
24088
6241
12106
27991
16163
15045
14629
1673
24717
4596
20314
29733
27732
22822
5213
3335
32408
23798
14584
31788
23500
26752
24785
2114
24286
244
28070
22689
4221
8010
1302
4552
2256
16536
826
9223
25862
13414
13392
9194
3919
18275
28181
32018
19759
2830
32635
3217
18725
30754
9958
9286
3221
12760
14966
19575
24463
51
24967
10141
1503
15427
337
10126
32123
16162
4018
14847
25488
8431
22341
19461
1177
11219
20654
9806
29358
19806
1551
28800
5677
4540
2098
24316
18840
19391
17303
10380
9364
9502
29961
20618
24267
6795
31074
17395
12978
1171
6327
15796
16240
12324
23984
31639
11815
13287
21670
10360
13881
783
9546
28955
20386
18890
4376
6642
2898
24851
30759
1399
9000
13198
23260
22532
8842
25388
10319
4675
13597
22295
20746
5843
21176
20060
14004
16182
12939
5496
11931
26579
8871
15310
30852
16476
12790
18011
9034
30876
704
12985
17418
5797
23309
24578
16975
7592
12592
28300
23956
30709
6197
4408
10324
20183
19404
26460
28569
22361
15447
16733
7164
23138
7857
11264
25157
32339
21148
8282
6800
3858
4851
13544
18319
19905
28630
918
9218
9802
5336
7174
877
3291
17444
23643
8815
17854
25636
17152
29835
5185
5397
15367
3361
5567
2137
15812
15385
21350
7027
21380
8533
31866
2246
20741
18569
28867
12550
8333
21791
12166
17053
8017
20919
1816
31931
8402
28171
25584
18429
29828
13312
5237
24375
15644
11786
23512
369
21334
28797
27262
14926
30642
6546
32484
26357
3795
27503
27077
16084
3123
2956
18399
10100
26221
18714
5142
24117
6084
6327
19146
21044
3042
20314
31824
13286
29566
32514
9366
12524
10749
29753
31227
6653
29240
2539
24771
21042
30593
1048
8012
29485
20174
2337
10471
444
662
26358
30352
12010
9538
15201
11119
20569
10281
26963
616
20599
3213
13691
20744
11225
28094
9025
20921
26651
31534
10492
2616
14000
11503
21753
32328
17841
15375
14257
3989
18700
30798
26946
16903
8755
30807
17149
4430
30003
6129
817
12420
25619
24469
28946
31084
17144
29629
11767
2198
27603
4982
20293
2205
21973
22192
5315
21348
31780
19419
20081
7142
22711
6895
6636
2019
29932
27759
15733
4715
19475
11326
26049
13854
3321
1211
13731
1974
667
16585
7132
20820
11854
18832
15041
31022
28886
13579
9441
25045
11248
26080
10024
29067
6252
13941
4489
3720
20905
2324
18830
21073
8645
25634
19556
27406
15994
32410
27133
10974
2862
15818
25824
27218
183
10354
11648
30229
3765
18536
17887
3324
15332
8587
29981
25424
17589
27507
2780
8884
13512
31763
30558
29273
26032
10306
15592
19917
2120
26591
2326
11736
29199
29905
8094
30308
27542
4084
4452
6266
14441
15739
8380
23884
27677
1634
19738
3942
19265
28039
4655
2188
30071
30134
8505
22359
20178
4652
21849
25574
15124
20667
20155
3334
18540
31191
27620
30240
28232
26783
28371
4385
15313
13887
11970
25281
16668
25957
5088
4281
11044
7632
6793
27994
21387
28236
2808
28101
16094
13467
31147
31560
27977
29693
10071
45
22553
11220
13503
11332
26226
8153
3314
8982
11989
18920
20428
11340
27213
1781
32589
21487
15125
32207
22414
19190
11898
30959
25799
28952
3112
15608
3651
11266
22434
1095
2480
16110
15980
27633
18545
14795
5600
22423
9588
7021
11944
17223
11592
6084
6244
31655
27069
16062
110
931
5341
31133
29498
14593
4179
1217
22125
24629
28884
8830
20483
8576
13614
9068
25118
23925
2339
5054
29926
19484
7108
4930
675
24265
13846
11105
14062
31484
4495
31650
27786
30861
17450
23866
12360
9397
6573
25234
6010
2891
5363
10395
31528
22366
2718
18545
20478
30040
4673
17068
26328
9211
32350
10388
23420
1652
32394
18792
27895
2843
22439
25873
31107
15870
18112
9328
3567
28565
29001
13886
15781
27521
3662
19849
13320
14710
17348
20242
27857
22263
14192
18322
25837
10504
4520
31528
15518
24934
12866
24547
31653
16201
10995
24831
23215
26789
1460
8479
20111
27659
1340
26107
1832
4189
27029
4190
25357
11396
14102
19450
17152
27290
25469
17612
27035
30163
7174
6371
14060
4325
24879
11135
31601
24914
28799
16885
29106
2628
15864
11995
29883
17505
27488
16916
19428
9115
26681
10318
25055
15798
5416
17645
28080
26959
3998
28418
2653
1787
3272
31334
986
8681
96
25352
20704
17348
21516
15119
9249
15257
28821
26105
2794
13655
12648
31541
12542
12209
26736
24733
4761
13625
22908
31482
325
6017
24464
6139
15369
12446
13107
11960
3322
4856
7494
32437
23985
25966
23675
12275
13884
25333
3884
14049
12624
19228
23942
23641
1033
6042
24105
4605
11574
32394
20025
13648
25977
10921
28417
30279
23655
6985
691
1540
4366
24851
17567
24212
30699
14417
5346
13994
9660
31908
10086
17698
2231
29563
25418
25853
18996
27336
16484
16356
16181
26313
29018
7301
10231
26671
3823
9388
23473
31399
8807
22875
3865
30445
31115
19737
21600
12500
19337
15607
13800
27604
1665
18036
17633
16724
6540
21434
9904
15492
21993
22272
32114
32397
3334
16327
21274
6991
10275
17942
32133
26992
27933
15074
2930
11759
22571
14640
13116
23852
9446
21192
25883
31026
30767
10853
10696
20588
8525
7364
16014
6604
32393
11906
30479
10756
15404
14958
22158
9481
11673
16282
21951
14990
1181
5677
6090
11190
4321
18797
23019
11642
24527
22998
10356
2214
9266
4324
7336
31827
24900
31570
26376
24127
20090
20440
16263
31449
30092
25546
10830
15490
11007
578
5112
22599
22393
28556
12035
3408
18146
19417
22649
6439
28008
3678
32764
6844
29242
1941
28052
25354
203
11608
15887
5783
13296
409
6436
16847
19985
3192
21359
19464
28945
14505
32762
9402
132
8634
25816
28139
1702
19417
18970
13712
14811
7692
32329
15017
2766
13885
932
17657
1716
27716
3864
8982
18090
32535
7525
2994
29354
10235
7635
17243
19738
8571
19069
673
28169
14742
22711
32140
13433
20443
31234
19250
3062
1409
13730
16590
21108
191
16471
27445
6933
23256
24100
21883
12572
24702
15659
6755
9657
23852
19547
8602
10010
28911
32001
1271
5853
23435
11440
3422
23528
13611
18308
32306
16929
18690
22564
21285
16436
28536
1354
1316
16875
22898
10454
8623
7310
30796
8733
31628
22558
17206
15062
3005
29526
18762
24667
11762
7579
27356
12662
23149
25716
21492
22025
11708
14080
4915
19673
27617
23834
30745
2686
7326
26451
18866
5587
2108
17313
14092
10348
7431
27858
10121
24718
12582
3319
23722
19247
21842
6718
6955
28603
1776
19200
12297
29532
18684
14275
662
6366
20078
19701
13305
26103
333
6629
20922
21384
22286
5509
11274
25805
28748
19247
13179
8295
4302
1553
25403
26264
11445
29088
31964
10279
15419
28425
3153
28150
20722
3708
19576
5920
264
30223
8400
1515
15728
14222
29434
16844
3411
27275
30180
30562
28460
1256
15549
22243
11064
17899
27448
19349
27081
26699
13106
16782
9734
2642
21796
26584
17383
9619
5093
25099
136
5512
26117
9962
911
26836
25261
29554
4996
32687
28513
9057
1441
20147
519
25044
27425
27105
21757
1904
9228
21035
17646
9234
28761
5876
17178
15778
4253
3442
27619
11556
26462
31038
12095
29802
13590
1158
11639
10197
12859
4319
19494
32156
20333
11107
14072
30706
26510
16315
11840
10957
11533
3495
30479
10502
32264
29360
22782
25698
4873
27152
7736
19511
26892
24222
30305
782
27405
17685
7861
18845
3667
11584
280
30195
139
28414
7565
18800
1525
24060
3844
2128
1049
19186
12971
19870
27313
19214
23664
29336
32005
29772
24250
20549
32555
32518
1254
26135
14725
358
2022
21896
30626
24557
2948
11031
6056
21901
22313
4866
17405
13757
13272
24923
30115
27881
23453
25073
19170
2689
21128
13496
23732
24288
30500
13821
16290
24709
1887
13324
12080
5584
17564
7330
2934
16187
1276
5149
18919
2917
13754
2511
19292
16925
8082
2195
12601
19931
522
10067
3842
4903
5293
17061
14035
11367
22310
17378
25496
15185
29614
26430
30071
29688
21197
14428
15790
6308
3791
554
19486
444
3894
18846
26875
24055
24791
214
7950
11788
15937
24819
9683
27302
24717
4264
13436
5049
11569
9689
27063
7407
17631
23485
31211
23540
19411
17932
658
29005
10129
17700
29333
18107
20806
577
11660
103
2753
18504
5878
9138
20254
3479
2230
10663
27372
30918
14449
15963
28440
14813
6579
22800
26975
8854
28962
5269
8383
10629
13146
8587
30656
3764
1493
15245
28212
25909
9202
13767
17039
30793
18199
30730
13356
20846
27171
16780
6793
20561
13910
29762
15977
6471
20186
31586
3057
19487
19145
8158
19073
31579
23572
30058
21007
3093
22660
3159
28816
22793
10457
28060
23361
24158
12472
23851
3774
5321
18211
2116
21641
5668
24463
26857
29589
24660
26419
7564
28380
21719
13508
29153
10383
5908
29669
26407
32242
25273
3130
4346
21974
1167
473
10092
21040
30765
10356
9727
18047
27337
30174
28008
31139
2897
15333
1482
16606
30594
9159
8474
22077
28991
12058
4023
27740
26074
7619
17164
105
11575
18807
23491
13283
20056
19440
15783
17433
1660
27173
16609
10416
27589
4899
9436
9665
26327
23457
30592
7662
20521
73
3253
28513
6712
8600
11789
3901
4609
22090
21338
4096
18736
14738
29457
32611
30628
24587
10687
30988
16107
24169
4991
20887
28211
31387
11298
15001
18332
5833
3551
30153
13535
23122
5181
1836
3642
19824
19864
1824
2949
6276
14812
23086
13461
29890
3275
8008
27350
11302
7476
30582
4073
19753
12
28077
12649
2377
20323
12550
10123
21864
24275
14408
13999
24725
12445
25275
2163
2669
7922
18654
7124
22446
8801
17089
14056
2796
18853
16490
9361
28363
9829
31844
10940
20831
26683
16541
12298
14696
31307
28540
24731
11306
22182
1799
32269
18347
19885
14240
8849
13485
1023
10243
1342
29318
4912
25444
4756
23182
21394
15473
24767
15821
8627
8414
9737
26893
3909
10505
16632
3188
14618
14113
12811
17518
24316
7812
15299
16357
11832
9652
1473
32631
14627
32608
13528
11763
20540
29038
14254
11232
12247
2363
11603
28146
24554
15193
5861
21813
17921
8104
2833
26248
12067
21292
12481
11071
22511
19979
25700
13686
31817
26746
24637
3351
4089
19588
3686
30070
27583
3809
6141
11149
25290
3855
30204
4979
916
3088
5688
31784
50
762
8090
32543
7757
10071
2135
23634
17229
13456
13068
10412
21706
27806
17689
3702
3910
28405
23384
19437
25123
1675
17145
6612
26884
14688
3157
18373
3422
27681
4709
18497
32446
18054
24201
12713
4856
32431
15845
10599
29840
22115
14937
30027
20938
26305
19044
4893
6812
6679
2034
19022
25854
6199
2504
24783
31486
22180
26599
12811
14907
5283
5040
18807
26137
15753
6297
15947
1351
17496
13434
22168
26473
17841
14185
31727
11713
31963
12030
20734
5957
21497
10667
20107
9898
9969
22180
18866
8637
14524
30882
5114
16927
10105
11528
1539
20528
22498
2998
4681
8462
27285
794
30692
27935
19947
17966
10814
2029
11732
4418
22985
21532
12343
11131
15213
9075
8844
21232
15066
198
5753
12779
1104
24838
28417
32604
12288
9392
19721
21218
14293
10221
26296
30127
26128
21408
23311
25882
24907
23278
3259
27904
28428
10876
27338
4401
17954
2800
25256
22752
5145
21256
31746
2916
240
22705
31663
31057
2526
415
12075
27262
16116
21793
15574
16512
14504
24357
8764
26057
15206
28653
22621
6937
15739
10437
26001
18183
28920
30420
12843
30566
970
25511
7815
32370
5188
14175
32284
14142
28417
31325
17288
27475
25306
8850
23124
24493
32211
31048
13716
16776
29536
19551
12569
4938
468
16408
15872
20364
18313
17997
9803
14677
20133
23141
29168
3662
17329
30022
28542
27303
21197
11704
13730
29766
25973
16255
955
11556
29382
25166
14644
18303
1156
10603
1712
17816
17715
15722
17467
18860
26965
380
6458
20748
6129
5149
10333
15301
8676
12698
19896
6582
9404
1114
29474
31440
4371
9369
1946
24396
12220
7130
22585
20546
22665
25753
5984
22497
4709
21418
30884
12596
27730
17736
21476
24045
12941
4946
6335
32655
18661
31120
11343
20443
26443
6505
28666
17736
8568
29844
24794
14916
29072
29651
20506
31885
21000
25941
20100
29322
2133
12735
10601
32153
4048
31939
1437
15325
29057
31305
2967
6590
21271
15131
3417
1035
13497
8318
1143
16337
24080
12742
30840
20113
28209
1170
25342
16551
21267
11321
763
27566
16349
30387
1080
17703
11721
9245
3693
29002
20808
11279
13289
12192
21539
6872
13708
15809
7347
28995
10420
2558
15357
2051
16954
12932
20964
9375
2176
26177
25657
12954
30111
15359
1081
4942
13428
19233
5289
8318
31290
18906
23439
11811
21571
16640
6751
2454
13172
24503
13379
15349
1650
20251
9221
32127
29482
29094
0
11632
21578
4203
1988
2442
3880
24272
1705
3922
5011
13702
15607
16629
27386
4362
30148
16171
27825
4874
6908
20346
2298
2706
11852
11756
11588
27428
20352
3214
4327
25284
28975
8795
20104
27977
3441
5125
29825
5031
27094
9476
18394
1224
14853
29781
17298
21568
2719
31538
19411
12897
9031
18830
23389
21478
20694
27248
4136
1071
21654
30797
11258
18354
11665
18339
31287
2884
29956
31428
12714
19871
21586
30499
24489
31626
31268
31627
4076
4025
214
370
16296
1961
14269
9642
1852
8408
30333
14620
14292
5969
29687
32216
12392
12207
12061
25891
6000
31981
29204
12685
30936
30359
20601
24261
3889
14047
4418
21720
29908
23961
9084
28057
12132
8056
15963
5568
3299
24357
20593
23351
8137
6372
16831
8724
10458
19525
32165
12955
4879
31775
216
16458
27544
4605
21677
1681
14365
13012
22637
14725
7764
15677
9276
12271
15366
31928
27657
24944
23287
26467
17629
23518
6754
24375
18751
2344
20697
533
21591
25832
27019
19019
9515
30766
16466
1740
3013
23429
18596
11088
24289
11843
836
5530
1975
16689
6485
29640
11263
15144
27227
17182
11175
8034
13709
6452
25649
2369
21428
8785
12351
18921
11860
21180
507
21520
16691
9877
24009
22746
4284
373
25219
20707
5579
6934
29335
18864
25584
25157
30660
15318
9984
13930
2970
20389
13508
1041
8319
14396
7861
21703
31753
26844
6737
2608
2799
4336
16360
21393
8657
15775
16166
11232
9949
11862
12282
29331
20385
12137
20056
11762
12183
15213
17182
10188
2876
27823
10197
22755
16953
20521
32659
14561
28809
21166
30545
15100
20423
25854
495
4910
2344
24488
26295
9293
30491
25826
29228
27690
31252
29487
15977
5576
9374
12784
15959
5620
32073
31757
32324
28202
25290
23857
27496
11908
31645
13382
5450
1374
14321
31748
9825
28712
5581
703
1014
11390
17055
30250
5748
16490
6193
32089
10073
8740
1972
27292
22025
16021
879
6132
18161
17056
27519
9036
8696
21902
9058
15211
8955
24000
2157
23207
13198
20662
11186
24364
3526
30001
9997
29493
15062
1305
22085
5036
14541
18985
10254
28901
27344
9568
27401
21417
13834
7408
5964
21165
5190
14787
22304
16682
27889
28641
26784
2347
14618
4315
15192
20017
5871
24086
8367
31832
20287
1907
11931
25066
2170
20978
14650
21081
10229
30781
9666
13571
13064
11485
14927
21312
22980
8944
24812
25532
31368
10744
9668
11548
17805
19115
26519
12620
6076
4019
3148
28514
24436
23182
15990
31818
4970
23742
28101
25780
2199
4624
11273
11183
3893
32582
206
32648
31271
24626
20465
1233
29463
4366
30527
32555
10063
22901
23266
19850
23351
9386
17052
26226
31952
27200
16029
32598
3565
31582
1793
29318
693
32109
14339
29910
20704
19451
28570
5185
27440
18306
22544
13808
24227
19968
2086
17338
1270
26068
6669
32106
3204
27109
26251
26832
30007
10360
7291
947
8420
13430
20814
6593
9014
3111
29098
29155
15378
3919
25858
1239
31446
16759
13608
31529
2174
18499
22785
12084
9480
22353
17754
21309
9750
12851
28685
12262
24905
12134
9129
26839
19052
6427
3594
27060
18974
6546
3613
25694
1635
30978
9504
446
1059
26126
27163
27399
28878
4644
11052
4206
21042
1537
1359
20694
28196
13810
16566
9515
19016
27383
15862
3894
30097
16858
29334
6439
1245
6589
8326
31469
5572
6800
14838
2293
13462
4034
18661
27205
9513
18121
1771
31912
7991
11735
23354
25292
24081
29900
15626
12711
27785
27123
7790
824
3044
22004
21348
1565
1681
21752
2622
12810
31101
17422
5238
10131
23427
7973
30601
27995
16745
182
19274
12894
22033
10546
15556
3055
10764
15733
4282
31233
4937
31768
23265
5083
25125
17432
14608
2059
9999
35
15033
3531
16117
29956
1966
29822
11765
21592
9845
4301
12133
17053
3141
10349
15225
9291
5067
4320
5909
8879
13429
9376
15870
17109
27538
30685
2984
7615
2437
16060
26213
12567
716
17363
377
20446
13311
24959
720
18608
14796
8187
29510
11479
32574
32307
26994
1112
30496
9545
569
11864
13152
14539
28214
19362
20482
26133
3933
25934
15575
3562
9446
21489
12246
14713
31886
11181
10455
6555
24355
6834
24001
2096
16763
9278
1107
11264
30223
32433
19860
1687
29269
25579
10690
21967
11219
23817
13869
681
22212
4355
2739
10730
29433
4827
12284
30231
1130
32529
21628
18830
18112
17319
18457
733
16576
12627
26605
21496
5852
4036
18604
19879
16540
27394
1571
14321
27254
7590
21252
25736
26489
32445
30728
3118
30571
20221
420
30687
4671
15262
13272
19464
20024
25203
16812
22395
5338
17997
9628
28531
1546
11976
2479
18
16104
19966
8853
10072
15793
20795
17420
11953
12625
25239
31995
3611
25907
8141
4553
28388
30873
22818
26627
23108
29901
5275
7782
2122
29308
31284
15289
10153
29992
20631
16006
11515
12069
19395
12245
2756
5088
32725
7056
15086
32445
26227
11269
17968
12779
28910
25063
13614
1057
12927
28321
12537
31883
13412
28631
26355
8239
9170
24645
10999
4932
11856
25097
25344
19266
11433
21413
10295
1605
29849
2211
14223
21963
13155
428
2666
2664
2189
11452
8323
8913
25758
32197
25466
8499
25673
9245
14478
18848
28221
13659
13072
15784
2347
6112
18002
1884
674
13794
24073
31903
24388
2442
1101
4397
26265
8833
707
11092
19882
31840
20359
30524
17187
1929
27746
14949
26005
23928
5017
21287
29585
30232
20992
19477
9576
897
12297
30065
5530
3103
409
11473
1567
14878
14570
24023
5616
29053
804
1983
19337
12070
3947
25500
29149
3012
14223
20446
20268
3893
2724
27153
11834
5724
4159
19410
31031
10971
15340
24946
11750
5357
10637
2257
11202
9178
5269
29069
6048
18601
28783
22043
9526
20728
3665
5551
19801
11385
5131
8180
4715
26784
5656
17912
31180
31707
12247
6245
23091
31717
8312
880
65
28643
28831
3788
13180
20938
26631
20780
25169
22726
26811
4595
10720
31038
29348
4469
26344
20305
94
23538
9412
5707
17070
30491
16771
22521
22542
12895
15958
22793
5436
19972
15464
9338
28300
30964
2480
11434
9526
21203
14967
1286
3506
31682
7572
9246
1429
16899
11615
835
28568
8307
10884
3100
21300
19473
16231
11332
21631
7313
13414
23671
23257
1564
20675
25205
16979
9580
682
7660
12895
15900
23100
29094
1222
33
11871
4505
5367
6426
7831
27926
7213
32658
5138
30073
6396
6849
17268
20475
9034
5494
14461
19174
3735
13307
31289
22349
16409
21216
15544
3505
14484
18681
29507
28936
6892
12758
10080
18404
32609
22805
6957
20544
23596
5201
10338
805
9430
6042
20830
13205
8954
865
5685
10083
1082
7564
8262
29352
13119
8719
19452
18387
14030
15955
31407
14190
23560
28331
28418
11126
2066
9821
24792
21614
22165
11700
15202
19172
25648
18523
32058
12363
23860
8256
2984
28210
25061
14388
14093
3911
11240
19799
12339
16363
4673
7179
14525
20600
17068
24472
6901
30013
19902
17874
7335
15717
31151
3405
25545
29385
8319
13832
8238
19576
10311
10801
4990
23677
20304
23531
32079
3238
3487
27871
17643
29083
18097
27748
15135
17397
25222
5037
25310
12362
6646
14274
28240
8653
14019
29442
26066
23578
31728
558
23499
8928
24529
24216
3222
4971
31923
1460
11538
15236
31089
11830
3656
19075
7503
21114
3149
28050
12355
16693
16949
28344
15393
16759
11016
21014
30112
14625
18011
18587
28063
2468
18754
21100
20498
5581
4575
32390
15622
7214
21067
695
25652
22561
32651
9855
12487
6834
24500
21033
21388
14429
6571
25607
10814
784
15696
5236
1237
217
29226
27655
7154
30616
15286
32059
21445
241
8482
23817
9170
32290
15635
24418
23667
18260
31024
32374
10031
15707
16693
8058
23362
4733
940
11849
25042
31988
18491
22999
20772
19870
31082
21814
3211
7130
17171
24011
3530
7306
30588
7837
32270
4607
10358
2709
24048
4661
4783
28900
25112
21304
18307
15733
9230
27631
26207
5411
30181
24696
14601
17951
25908
903
19472
20334
3413
4655
32133
31120
7085
14382
32132
10259
9006
23723
2805
11867
1305
28825
27368
32637
14621
29595
29833
3930
5829
2178
14687
15509
31750
3944
5452
2513
14504
26717
26533
20676
13803
30517
25288
5351
2370
28945
25304
30295
2341
9910
18320
30809
28196
12003
2782
18418
10074
18219
11617
25677
22095
7532
27956
6271
25837
23336
24993
14092
16108
9910
7684
22071
21002
25211
20620
21881
7408
32755
29317
8688
22696
15554
7449
12525
18812
14944
6039
5347
3090
5056
27482
4877
414
25449
18017
11487
5445
606
5025
25809
31353
27373
16854
29047
1642
19595
25067
18058
26240
15192
12943
27552
3861
27856
3931
27818
12435
18342
1733
16298
3896
28373
9675
22120
8311
1470
14076
1702
6986
22258
23504
24996
30842
19560
3659
5042
18623
19477
13964
29557
9619
11094
28893
30287
1309
2725
5503
30110
30546
32312
21312
15879
28182
9510
9777
3267
4229
19090
29804
4803
78
8299
7417
30279
25767
22607
30872
31068
17595
10656
1396
17942
9875
16560
2286
28172
31337
24387
21996
22302
10668
10229
31799
12074
13490
25594
29612
16533
12140
3780
13119
18131
29456
17067
14069
16769
17749
30259
12296
11908
5303
15803
4080
29391
16990
21239
4713
28452
32101
18220
27066
28936
27856
7573
26773
23943
27861
28850
30697
6537
13885
32227
8155
12013
9069
31734
343
13824
31185
23255
2777
27095
26986
27197
431
20501
23693
27596
26790
9404
21029
16011
17430
16583
1885
8615
31537
1017
7875
24599
8844
19070
15227
16305
9710
20625
32401
4090
11757
27754
32087
32132
13186
25516
31415
18903
29496
15039
29293
2489
5390
31641
18985
1583
19312
26821
10847
31979
21086
27647
26542
5588
22252
31233
32234
24324
20514
10263
23282
8411
26082
5340
6410
8612
27048
28799
22189
11560
16695
9377
1903
13954
16743
3898
23740
29864
28447
12571
11147
25723
5755
13916
8194
2320
20487
18126
10229
29956
8830
12696
12448
31820
9267
11630
15479
21486
25718
14303
16850
30911
3642
13756
902
5470
1702
10498
7235
15983
14254
23636
15137
14245
29001
6944
4859
28528
27152
6388
27466
3024
22877
3340
16958
14047
12785
26873
824
8994
24341
31516
3498
27837
5695
21504
2915
21746
6912
18303
10723
19787
13763
13244
15989
6231
20531
32163
10942
19643
16681
16376
367
30764
26495
32507
27356
19129
22769
28974
14295
15191
27889
24700
2673
13692
32557
16359
1997
17534
933
31106
837
17843
6209
3959
32465
1954
18817
2431
4128
17852
31030
5896
19608
27629
19326
25081
18357
4916
31682
11889
15000
4850
31896
13939
25083
25358
19113
30427
25563
4604
30476
4423
9770
19000
21841
28408
10026
24425
6656
5648
7021
24969
10809
17959
848
14370
29593
7279
955
15329
2641
7652
3527
20649
11889
14548
16710
11548
24330
18428
6119
24174
14673
17667
4794
19101
14508
31725
22883
17059
2127
13497
6189
267
15177
704
11641
4653
1619
30343
16940
31226
21982
14886
21993
184
91
30406
1479
4018
13878
14203
10275
17225
6585
4956
15292
27618
28821
26939
19106
4392
32733
14945
3
8769
4137
15339
29400
26134
26289
19600
12100
30603
8920
13856
15995
15752
20882
6371
3692
10561
4826
1058
8208
22227
31428
12206
9606
10348
8590
13139
21133
27948
16118
26110
11980
1832
2828
554
21025
20804
576
27914
717
4788
5420
7583
1932
10525
21277
26670
19021
12110
22430
30159
10479
12003
32677
18010
32578
30233
5402
4161
16132
28569
21549
746
8658
4335
31623
491
13123
15796
10961
13358
2790
24094
9222
22699
5040
17310
24527
16425
4393
21587
17647
27539
17003
8677
4458
9039
18373
31509
16085
26638
14670
25936
7604
29230
1104
29917
7740
8835
28121
26453
17251
15081
23253
4451
8673
30967
28752
19134
15767
23084
17427
5448
18921
5419
26599
15617
24294
32593
23054
3705
21268
7960
10811
11402
14775
26662
28308
3255
3143
17095
13514
22439
19366
10141
24736
25044
27813
7814
5297
12180
31351
19139
28120
14442
22645
5694
29930
30039
28615
16920
29186
12392
8848
20240
20553
7941
10600
5989
7988
27948
5945
31320
448
10567
9029
11269
15591
14067
22536
14879
8568
30719
14157
27032
11233
5699
16239
14491
8141
28563
27881
669
26029
26589
8159
11104
30504
8691
9908
9780
29020
0
22029
6568
12059
24150
15019
23719
30457
7460
26083
19756
19411
20186
27611
12751
15329
31650
29148
30593
26844
32608
16460
27390
6412
8427
31605
1516
3071
16247
23331
13066
5835
12871
3695
27030
20100
23610
10615
25929
26514
21514
8048
4914
22610
16346
15462
6999
4250
3603
20464
23290
3010
17084
31136
14322
8445
27310
8069
3673
10784
30758
18881
22993
1190
31176
1012
25219
19213
7397
10545
5751
8914
25606
27097
29702
30294
19266
9585
17337
29853
3239
23746
26531
11025
13545
1081
24467
26162
4198
15355
5037
29574
6324
4630
16189
3839
15091
17844
801
3218
32406
22620
10296
16909
1108
17965
155
31354
4392
8500
9724
1849
2009
22461
28434
20844
25331
4760
1543
2799
4903
15101
1699
26158
31540
27233
13286
31207
31642
29999
6610
18715
15261
2804
20188
2249
1531
18112
13970
30894
10750
14825
16736
21066
11384
18452
28531
11400
27411
31646
2966
19836
10978
216
11894
4117
4713
32193
15017
1955
7804
9608
12119
12348
1932
8806
11343
8462
20466
27167
21560
23641
30350
2634
18180
2808
29639
14903
17423
30606
16418
5603
2614
4519
13803
31990
19263
28557
15597
5370
29874
7959
27136
17681
9977
17798
13990
3054
24126
24662
31613
32125
19277
29162
24569
3417
1610
14784
2510
25792
16236
28191
29817
20799
9033
12355
7565
27010
11809
6365
8517
4614
7515
25099
30429
31461
31499
25850
11689
2680
27440
17573
20364
4777
15028
14019
1945
935
5391
22516
30033
17936
2830
3191
31439
31852
16479
16386
6992
27642
5080
26786
4981
10387
5150
29615
13062
31527
29983
25475
2792
14108
27377
5188
23404
16518
21125
27881
3859
32535
25757
13041
14108
18489
14851
22956
2178
17385
12529
22692
18953
13451
24454
13076
4949
22519
17529
8080
23296
11736
29376
17766
28150
30634
30053
32359
18010
30442
15595
15851
16013
19882
12444
28510
14333
2744
323
5235
10336
3968
18531
3473
2112
24677
20473
6419
1002
10834
2789
24609
27071
8395
12973
21461
108
2498
24561
32250
22629
27923
22187
13138
9119
27319
13270
28597
11521
22736
7675
30159
10558
376
15704
8930
20292
19039
22991
29366
12940
22674
5235
17119
1065
26708
15882
22687
25744
28206
26540
2029
2894
31066
9019
6475
20296
11444
5428
18423
22212
10704
27122
11784
20213
30518
19181
22945
1507
22689
23640
23022
25648
13092
17503
22249
11565
12220
13478
21106
4114
21575
12233
2600
5961
2688
9095
12969
6924
31448
13975
13725
2282
2091
3658
24463
22418
3781
32114
1020
18439
29541
12044
30895
31070
23512
4681
10729
20536
18851
13232
16872
6814
13850
16191
1381
1417
9608
11212
12804
32576
30819
458
7783
10547
1386
11310
19073
8073
30917
3025
28616
30069
31609
611
23623
4152
28956
8744
12988
12740
28943
12711
5841
12455
18362
11599
17503
27655
5555
17470
24776
12369
25729
11761
27576
21220
16652
10021
18831
4760
32486
30506
16599
8122
11384
15261
4784
11498
27949
24348
19050
7510
7253
17086
32089
6858
1505
9196
9094
27412
5854
5945
19048
17560
11174
16082
27305
20377
6661
31931
2725
13183
6965
26227
20979
31576
28649
24649
30499
28414
9259
8168
2100
21618
16782
2340
23418
26480
15379
10429
15770
26611
13674
6864
1224
1594
347
15267
2308
13713
3790
8014
1675
20104
4845
16576
8872
7545
11459
32746
30919
7347
30163
19797
20182
2577
11473
3128
23919
17938
5260
17277
1124
7995
8961
14072
1308
11373
29734
15818
14046
22762
10484
29209
31279
25689
16279
11331
16379
15100
12058
863
5554
32196
6693
9787
6785
23479
9233
3470
1776
15826
28316
5165
18646
11464
12883
9021
15352
25484
19212
14525
18624
728
26470
10202
30945
17263
2186
18717
16412
4649
7222
22165
10118
28697
16392
29865
12826
5
3671
4353
32543
1176
21400
31647
12547
3938
8554
3042
20071
28795
27027
23789
10833
1823
21063
23845
29396
1967
16140
30388
27179
28766
26219
6185
25196
30262
8897
1596
1382
6511
29385
5737
3266
26772
29750
13570
27804
16616
29904
15185
7538
28838
20145
31041
25511
9394
28377
13772
11189
7639
18458
17070
23791
31312
24335
32590
10377
31435
19921
4794
10211
22457
29809
19383
4729
27680
19997
11255
6496
10942
30211
25779
23864
19897
22230
15065
18335
26648
11493
19170
27994
875
1723
15206
24490
14334
15417
6971
29752
14058
28825
28561
29812
17110
17812
11260
23530
964
4755
17534
21779
675
14592
26778
29693
4789
32133
32659
14514
2321
28881
30032
982
32495
8976
4606
6462
29233
10927
25824
28799
22052
3657
532
12026
18362
16437
12751
19831
32119
25735
2557
501
19814
10601
20550
18507
28059
31457
28877
28161
12276
5818
24771
17510
17261
19369
5687
5314
10771
7206
22070
13852
11938
19572
1423
4677
6506
7987
27459
7521
9897
26408
17510
14067
18056
20331
19402
25504
17078
27096
17053
2824
28398
9570
27874
6130
23502
2629
28607
15688
30815
28156
1406
19601
7860
2161
1725
6714
32206
9228
27307
13981
11979
20491
17527
12783
152
14592
32045
22686
9158
21442
1171
28332
12034
24991
21780
20383
4074
2824
5531
10104
32575
12302
6437
32755
997
1676
5838
22233
4607
21864
21531
23668
30771
9203
23096
15405
19482
28549
13488
15922
32053
29196
9091
17393
9258
7663
30627
3842
31830
17038
11962
4267
3468
3419
4464
10257
5474
6807
30483
23895
16424
9884
29656
2938
14301
26123
3568
10799
6159
18254
7244
1947
4239
15748
19599
29235
12792
18736
3631
32681
23878
26132
19703
6678
14528
28202
13443
19759
5323
30731
27811
875
1126
7998
22878
22935
6173
15589
12717
1047
15651
29706
3833
10514
1843
28172
8499
29078
23244
20110
2392
13496
17628
338
25183
2949
3412
10042
11426
24494
14250
17852
26315
19485
9285
21076
19614
24997
18051
28327
24374
5392
166
20944
445
24510
25113
5780
5229
12518
30034
3679
20167
14586
25711
21103
6420
7455
11387
4503
7305
12481
4757
7427
19879
26806
22553
6417
18932
3360
27025
32299
25448
2667
18050
22165
29189
31741
21050
7945
13905
8711
21209
22406
16033
27102
11178
492
27775
24971
2916
30287
6832
24557
4212
31112
2446
8918
24779
27403
16651
29548
511
23962
31712
3047
6745
7872
6696
1105
2700
12177
11364
11150
18158
29427
24280
24131
16598
22689
27771
21129
27159
26035
28887
29246
6379
6706
6459
20053
31474
30695
12914
49
12957
736
26968
13299
21431
23636
23201
20987
29307
15247
461
1384
4803
3144
10279
16725
30178
4907
7302
17980
16098
7952
10405
11271
8125
26737
31235
13679
17837
7597
26438
30771
1537
1322
13993
17763
15025
23643
10562
23324
23639
10053
21420
30382
22271
18818
4881
7622
28340
8725
27408
6270
14699
16380
26252
13770
9155
954
29447
28293
2649
10425
19662
11044
2530
12929
27591
8747
32449
3658
31194
5128
16000
5572
18770
19152
22333
17360
14274
27284
16271
8663
22114
1340
25652
14575
5661
8593
30581
29567
26101
25121
5346
16674
24023
9626
24347
13925
31871
15447
7639
24809
6088
1555
28991
8390
24176
13882
23688
2055
24594
4065
18062
19577
26359
5740
13097
9697
32662
28516
24536
12439
13098
10611
26130
27775
12382
5309
25239
32467
8889
28181
20426
31570
31791
18066
15934
13018
15559
30797
13321
1465
23331
10397
4351
1723
15801
25674
22485
2627
22936
22096
17219
5470
5243
15159
28295
2298
11543
29189
228
17035
30491
16932
5291
14826
31692
17435
32211
21721
8444
12805
11056
10468
20284
2980
841
26580
25201
8763
28377
16667
28735
32597
29120
10878
29472
29528
13429
17492
8543
5366
24285
13802
16137
1748
3476
6012
853
2417
32498
2955
3771
17181
27140
20521
21183
17136
26470
14041
6442
22745
16968
20628
17656
14642
16517
13858
19533
9351
22372
9621
31801
12265
8310
29827
7952
4967
11411
4860
1874
22593
27061
1879
8626
22451
21154
21377
28017
15361
16700
29867
16002
30865
15963
5222
1665
22891
9351
19920
17343
28587
24960
30582
7292
13175
27760
30015
20147
338
988
4430
15690
2067
22672
3774
1387
20793
10595
16671
32466
22730
3544
14397
21837
22365
30325
16368
26982
1359
24076
6102
2543
26462
27079
18258
3897
10334
21036
27667
32419
13110
15551
28550
3039
11506
2129
21975
17789
25157
20399
16680
25564
12277
17717
27729
3608
31968
30323
14479
30746
9629
7031
18170
4985
8033
23836
3939
21485
7475
7630
603
31094
21239
10491
13588
25152
30917
2354
1098
25078
1743
11963
11849
4983
10856
19203
3577
29962
4223
8012
26436
20689
30279
31768
13470
19512
14546
7366
17440
25970
20454
15685
14737
8237
5374
28951
21708
18567
19848
28798
14232
4254
11244
24528
29130
25532
28103
32223
6387
6386
31103
14807
32060
3806
13811
13657
16322
7182
12708
20940
31943
13672
2987
24063
11789
31192
29102
6923
8530
26710
8534
23524
12622
8581
22889
9715
4938
615
4423
31374
11315
29492
14770
11463
26055
6876
5067
13233
25433
10942
26056
20037
13463
18277
25678
28935
11229
27757
12792
22633
11589
14504
24643
10706
18414
7697
16652
15949
26463
14781
25294
25564
10166
19336
31051
1428
23033
7681
4048
27691
21186
29096
5961
26120
29736
3120
31803
20774
21470
27974
11710
20865
15930
3946
12123
15857
14795
28417
29051
1655
4276
15169
22617
31969
18212
26565
31031
18415
20170
23494
19528
26152
1734
20741
24511
7107
16105
26277
9293
32727
13207
16501
29433
2810
18582
18858
27325
23358
3543
15553
30278
16506
10952
378
8430
5930
27300
2403
890
6258
200
9035
21524
15527
6784
31385
2878
14310
9826
9752
14022
10591
21998
19700
23625
29471
19972
5908
30274
16323
23715
3371
16114
10297
25886
16845
16796
1723
15532
26226
1841
31332
27103
32313
5756
1240
18942
31778
18671
6631
21942
20468
30334
28324
29321
14462
31407
10976
799
3522
4800
20807
20599
21053
28385
11746
7723
17761
3248
8697
14938
15635
23466
6256
7834
17046
9517
3005
24760
6746
11111
8636
26795
30024
5122
11908
13753
8447
1738
1404
19682
22822
4024
13898
24849
28930
2259
3089
21803
9124
7129
25000
6849
16796
10887
14768
10949
2754
8596
15002
30713
22639
32038
2947
28918
27400
13931
31644
28257
21080
23036
31415
8715
9780
17246
3282
27260
18772
791
10511
20972
1464
14139
15624
7065
6464
31894
13449
13728
27959
32754
17765
9077
6766
1249
8516
19157
16266
22077
31359
28062
20536
18456
27382
28924
29057
31495
9731
19446
19385
5791
29986
26134
3045
8320
25327
29707
19122
15475
16055
3996
10135
495
15150
27829
1488
28430
17967
3113
2998
8017
14199
16459
19786
23123
9587
20059
29471
9731
15788
11029
7288
23909
13294
28151
6865
14634
13850
4066
6508
17525
7611
5660
14364
26830
18824
7815
27092
3626
2459
31638
2681
22517
25486
16113
30096
25968
26127
3825
15749
16023
23169
6180
8442
15489
29575
25242
9481
7598
11843
3320
16609
11948
29877
21198
5936
3669
9946
28000
27169
23238
11502
26563
4309
23562
26469
24549
27791
29745
4752
31656
3290
695
23774
5708
6142
22562
28215
10896
4780
31386
26428
26702
1567
1852
16674
25664
28591
3469
28460
20231
12199
7359
4377
10623
6966
17401
15794
8325
20185
25245
2771
25045
12355
21120
8326
28825
4816
22029
7491
25314
5261
4593
5017
31575
17735
986
12802
18092
27525
7279
1095
29256
12265
9193
13115
17203
29755
2213
12056
29185
32248
19840
13137
16724
15645
5451
19020
25003
20888
8635
12885
14358
28810
20936
21545
4275
13111
3259
7959
29114
11587
26199
948
23795
11905
22462
6354
24134
4459
10054
6136
21215
27135
16569
2888
32574
5853
17931
17963
26680
2825
7551
22760
13384
2615
28492
5867
22773
27075
11617
4058
24690
4877
27297
3799
5350
25843
22637
4067
17251
17080
25677
18615
17208
26219
7418
6639
28637
15118
19450
26147
12754
28780
7609
3379
22774
8579
22791
2334
18043
23302
11458
7960
11223
32514
7205
25616
2831
13260
25910
26706
13118
19846
21163
1652
25498
12806
28461
17238
1344
24841
28591
4366
19434
15008
11616
8064
12974
24416
27682
22019
7657
19459
31989
32582
29953
20078
22257
10212
5218
30060
24923
25747
16359
8057
1183
16169
25205
12481
32375
31059
1697
4044
23663
16232
30208
16352
18118
11545
1799
6575
25123
15350
12490
19293
31548
21721
14355
2416
17330
9427
27469
21701
10157
9344
6312
2270
26932
562
31661
26634
2373
28247
18036
10778
12247
3726
15645
29532
15558
3982
31029
23194
23359
23190
32087
3754
2171
7556
4315
15940
1426
25188
22943
8908
7782
24713
31091
16814
12935
31942
24213
23300
13797
5008
505
22788
27996
1813
6410
13997
19427
18619
16231
10934
25446
1144
16439
30578
10584
4213
12800
28173
24385
28316
30325
7782
26436
20306
21944
19868
3444
23159
24799
1121
21826
9250
2045
9620
15745
14781
19085
3891
11462
6938
3933
26958
23125
7889
22225
32616
22208
9770
22279
25289
17951
17165
25324
8296
25523
17573
19806
5984
25318
10566
26980
369
29148
27369
4133
17204
11562
29038
14444
26616
9086
30535
4411
3529
19969
16463
17613
8949
23657
4419
27256
13729
32221
5165
23023
1383
26148
4581
4634
10362
13195
8836
24954
18235
8872
4971
12059
16381
12763
29655
21793
16759
6831
11115
23164
21368
12670
26548
7517
1302
16151
8517
726
27964
9112
28683
4694
3346
16332
13431
19322
777
28763
7550
1612
9053
27608
24413
2018
14570
11109
14894
20481
7815
1098
22325
12768
6841
4207
16190
15116
23043
17466
23112
154
16391
14098
23307
29365
7183
21909
26879
27098
13370
5942
10914
5880
19049
173
6170
5386
30025
26351
2016
14033
10345
17202
15869
31260
3858
9151
9898
1976
5576
12461
31902
7193
28195
31574
616
11685
23363
26909
16247
26890
20221
31376
20382
25918
3361
13254
21212
7892
19331
9305
2560
23617
28592
17159
20274
11165
1101
13279
20082
21623
12088
23978
8459
11861
3302
11880
20086
21408
27288
30833
6510
12253
10463
29771
17352
17159
23643
7245
21795
7648
1418
29746
11370
9787
16245
15986
25693
