25547
9496
23398
29573
17673
11780
1737
11465
28749
6141
629
32672
20713
8568
8433
21676
22511
13557
19786
30236
26323
9944
5567
22658
15741
31057
26185
2755
12598
21955
2400
31377
8630
21230
25648
24440
16623
6973
22623
2619
28048
9025
18818
13613
30082
13028
6674
14585
14083
1304
28698
31349
4246
4195
19795
14515
32477
4679
2586
13056
30960
19405
29671
2814
18564
22703
27737
15307
3453
18661
4283
22353
9472
10187
12841
18020
17566
31904
25254
17202
9589
16222
22509
10468
15223
10625
29827
6723
26525
17924
23815
10710
3154
873
25962
4804
21026
32178
5547
14791
20620
16114
1246
13039
19183
19663
13480
13653
1822
27008
16154
9196
1650
25186
21668
5132
27816
4648
25682
6586
7508
18251
10928
13439
2886
13077
28123
29810
31716
30773
1779
23170
5303
22596
1002
12651
1185
8681
7681
25711
22901
29207
18154
29562
23896
10224
32261
7590
27619
11522
2590
66
15870
4588
11019
20091
31999
11152
10596
16815
3338
28865
15650
12195
14101
7134
4586
28060
15059
5302
30786
13564
24343
1356
31288
16326
15734
9312
13932
14295
8202
14936
7668
28395
7565
16877
1114
1287
23487
2488
29258
14475
27592
23395
17232
20511
14961
12307
4764
5801
32080
3556
3520
5268
9433
22582
32403
10575
13144
1697
22232
26253
2507
12472
28291
10270
5096
31944
1970
19879
26243
24155
25294
24576
20562
31499
16446
4870
6665
1134
23969
4491
6952
31512
15613
9586
16038
20599
22380
8347
18369
90
6156
10472
28117
1621
22394
15934
3936
31152
9766
9483
8455
2296
15152
1598
28756
31665
22077
21236
31603
31091
22401
6795
28082
16295
31269
3699
7609
20518
27073
32583
10088
15938
6922
9898
4643
5346
6336
13945
26756
1179
20441
7457
13188
10571
1285
2387
16314
3289
13962
11975
10907
5474
24397
18973
5364
24945
26431
27389
9011
856
5861
20240
4457
7417
20757
22407
24053
6339
13625
14832
5604
24957
32763
1546
1221
12786
4959
6456
4428
28106
19672
6023
24462
27279
22093
8273
29806
15849
15761
13112
1125
25126
3253
2473
20994
2867
4894
2439
17443
8636
717
18529
2604
22599
3969
8261
7585
21400
26482
771
6942
26949
1553
16709
18560
1143
24176
16036
3470
26511
31369
28923
11230
10604
10835
30264
32073
25820
8974
29054
1297
31973
5456
21610
30603
22826
1063
23649
31747
5132
16095
3968
9685
30368
7844
13926
20016
32471
29924
29566
26802
31704
9020
1407
2559
22739
19141
7070
8273
29695
19228
9158
23217
27401
20583
14672
10119
3601
14127
18406
10395
4660
26025
16845
13457
7369
10687
7126
20376
22089
5011
32041
16688
30058
7673
13038
1743
27375
9399
8072
20178
26735
15883
26697
26339
22301
1820
1058
21869
9053
28291
13495
8151
5337
4242
13724
21456
7328
16671
29121
28244
20328
24852
28419
2687
25885
13724
2144
22954
12639
3903
8143
2507
32099
7483
11146
20983
16706
31809
10060
16879
31940
663
15219
2501
14048
10324
20299
15311
5858
14890
22945
850
21624
21097
26931
6998
24390
1421
14005
21484
17767
11179
2076
13573
10045
34
15429
28848
5299
30771
27356
14093
27479
31142
23875
18799
32170
27555
27343
18968
25200
19250
28232
18771
28804
9783
17962
5626
3174
17385
17849
6720
9299
17248
19680
24364
24724
26825
17807
13398
19693
25954
2573
25869
14723
25657
23346
26271
24999
28020
29016
37
32086
12944
30008
44
3040
27968
11163
3799
5418
2426
6830
28288
20916
18786
12506
24339
32352
10940
2415
15523
23874
16287
4987
9756
12323
13346
31803
20533
32545
8938
27810
3142
8094
4703
29527
18844
3356
19532
32525
27179
19492
26783
9957
27800
4662
15929
18588
9146
9822
1972
28799
14336
27895
30704
5466
8158
25983
31462
19541
13852
8417
6771
12121
13299
12190
28787
311
15996
30179
21088
11201
26799
21388
28880
11395
1925
31379
32192
13461
4791
32452
19970
20290
13423
13039
12428
5075
16810
19027
27226
32155
3317
6455
29975
4702
17820
9345
21061
24264
3949
19299
6731
8162
3952
29697
3235
1881
516
5735
1993
27948
19267
8159
2673
16207
32265
19614
23613
1402
6548
11836
10349
22120
21358
26581
13250
23682
4119
29724
30030
20413
9343
12204
16607
3940
4198
25224
7862
28159
31132
11499
7172
16670
18264
10899
14452
18279
27974
26926
18008
30860
3863
23013
2221
22400
14603
25336
13645
13990
32307
1563
28240
7820
1459
5718
6573
32686
2155
15291
6162
28933
10780
17599
7492
7095
18428
4630
6289
12853
29966
23986
17491
1756
227
24373
12970
3931
27439
22382
18599
18449
13828
23569
936
16315
26289
14301
21022
21857
138
12202
31904
18756
14036
20099
8206
23298
15913
14984
19080
31330
19165
3522
13514
26982
30193
24743
20841
7894
1192
18515
7690
23700
7665
20723
24362
29444
4675
12991
16060
25211
31762
13506
19212
16260
3878
11716
2902
31401
28369
16975
2182
9371
27623
28243
10698
16311
12683
24362
494
24289
15847
29331
18244
5289
2340
19292
2916
25549
12256
24538
8402
15381
21040
9050
3215
5183
2855
15144
25811
32234
21151
32029
12248
26047
24567
12943
32441
1077
30265
467
30194
30656
23446
13899
13729
32361
3877
23402
30808
17953
20426
6103
8310
30212
9436
20272
30799
28222
24334
27637
19759
7817
31423
19637
14783
21522
4267
16213
6037
3041
3702
7969
9882
10513
5858
3611
10398
26528
22985
15055
8464
19524
25286
21028
26101
23239
6873
26033
16027
30326
1720
3434
22807
22705
18737
1504
21677
26825
21424
11102
30905
23397
25164
28372
8747
24175
13045
5782
19629
3337
8695
8802
1385
23830
14029
28257
14912
31154
5601
1420
25843
26013
26840
13040
2311
13254
5433
28427
12057
26129
5360
1032
14241
24538
22242
12932
18937
6329
8269
6935
3096
9487
14737
4250
11863
11081
7860
5307
14221
10804
14029
26217
4482
8457
8529
31223
27374
3822
1070
15077
24309
22457
21069
3079
21871
16712
10898
6372
3825
2438
4440
20123
24065
3754
2297
1405
19748
2102
6601
4234
20557
335
19045
15876
19853
9820
7476
31372
21184
5047
32033
31547
13003
20806
11651
4684
31537
32401
9558
22386
24394
9868
11550
398
13108
24788
18943
16103
31908
25228
11616
28376
18111
6736
23699
16809
8426
25155
31234
17868
1494
21023
13354
25457
18959
21823
23464
14701
28015
12369
21123
15920
1262
27807
30736
312
9176
11578
5287
24724
3870
24228
18673
14049
30399
18091
16286
18731
26081
30242
2704
7268
7814
15780
13301
12747
19807
26275
30563
5701
16829
22298
20404
5320
19051
8353
4454
20331
6209
31262
6660
6015
21010
20363
26527
15102
17813
31887
3871
22977
21716
25495
29595
28368
6493
18213
31955
29416
8256
32424
28833
3373
9464
13920
16947
29583
22905
410
20933
13753
26360
20973
32170
18108
27171
29743
678
5879
31631
15190
24599
16992
14304
30543
6840
6168
1266
29811
20304
28106
24163
1410
22724
27669
11221
13009
5779
7811
19505
5815
10798
5224
27996
29501
31010
29779
26051
21738
27852
29404
1957
10862
30904
29382
25312
20974
14213
30809
23276
30978
18101
23868
26802
24366
1408
27872
31538
1705
24025
9324
24553
20899
23189
10729
19892
21678
10592
5301
12640
25843
13016
10421
19333
24051
23648
22982
11293
5703
32275
11811
19962
15852
23539
5275
12931
20727
12289
22147
29387
17091
18219
5752
11351
10471
25476
93
16115
16151
1071
17725
31857
14215
20071
28604
21378
18549
11476
9464
21426
23559
6292
2573
2630
28444
26326
20500
9076
6888
14789
10691
27047
24996
4809
6497
2716
18840
17072
28539
20880
16793
3638
28046
14987
6866
7880
3808
23932
14248
9571
17530
23474
12159
5590
28446
25696
11531
3085
1909
19253
23124
27111
16529
3780
10238
14204
26446
22776
19602
29275
31760
26026
8886
17368
18578
5356
4745
9354
19943
3761
18832
11977
26197
13252
13281
10663
