10709
29895
21640
25547
9496
23398
17673
1737
11465
28749
629
20713
12935
17836
21676
9197
19568
19786
15517
9944
16707
15741
26185
29440
12598
2028
9197
21955
31377
21230
13726
16623
18103
22623
25272
9025
6008
30082
13028
19103
14585
1304
31349
20019
11309
19795
14515
4679
13056
19405
2814
18564
22703
31651
9458
15307
9377
23241
22353
10187
12841
17566
25254
9589
20798
28332
1294
23727
9415
6723
17924
23815
3154
873
4804
625
32178
18772
14791
16114
1246
19183
18868
19663
13480
1822
24636
16154
22019
3178
1650
23030
17053
27816
4648
6586
16777
10928
2886
24555
29810
30773
25053
5303
1002
10374
8681
27375
7681
25711
29207
18154
23896
17771
9722
32261
4809
27619
2590
15870
11019
31999
31142
12355
10596
3338
15650
12195
7134
14804
11750
5302
30786
24343
1356
32194
31288
31967
15734
9312
14295
14936
28395
1823
1114
18408
32750
29258
27592
13122
17232
19686
14961
26693
4764
26644
7202
3556
8360
5268
12157
22582
17964
1511
1697
22232
14134
31153
1766
28291
5096
31944
16041
19879
4031
27669
25294
20562
27010
4870
6665
23969
6952
30353
15613
9586
27782
22380
8347
18369
90
10472
16659
1641
28117
22394
15934
31152
9766
6779
9985
15152
29336
31665
21236
14672
22401
28082
31479
31269
7609
27073
32583
17728
6922
26775
10850
6336
9643
13945
26756
20441
13188
10571
2387
16314
3289
11975
10907
21122
3915
14241
18973
24945
22297
27389
9011
5861
14390
6970
4457
7417
20757
22407
6339
18745
17955
14832
24957
1546
1221
21986
10135
12786
6456
21268
19672
6023
24462
27279
22093
28548
21533
15761
31990
1125
3253
20994
4894
17443
4257
18529
22599
14252
7585
18385
771
20903
26949
16709
18560
1143
24176
11337
3470
26511
31369
21515
8242
28923
10604
30264
2934
8974
1297
20309
31973
21610
13304
286
24035
1063
23649
5132
16095
9685
30368
13926
32471
29566
31704
12793
1407
27665
2559
22716
22873
8273
19228
23217
20583
10119
14127
10395
26025
16845
13457
10687
20376
15891
22089
32041
16688
30058
22871
10401
13038
30666
27375
8072
20178
26735
4745
15883
26339
28959
22301
32369
21869
2200
28291
10119
12400
21175
13724
21456
16671
32267
20328
24852
17264
7832
25238
13724
22954
22591
23586
4493
3903
8143
32099
11146
16706
10060
11192
3651
31940
663
15219
14048
27937
15311
14890
22945
7520
23835
21097
6998
1421
3821
17767
11179
4472
5983
34
28848
30771
7737
27356
14093
31142
18799
27555
18968
19250
1072
18771
14185
9783
14285
10501
17385
6720
7539
11870
17248
1166
24724
17807
23675
25954
16967
177
1897
22951
14723
29477
22800
23346
20182
26271
29016
37
12944
18964
9494
27968
13314
11163
5418
6830
16108
20916
18786
24339
32352
2415
30134
23874
24313
1401
1454
13346
147
27702
32545
27810
8094
27699
18844
19532
27179
26783
24574
27800
15929
18588
9146
9822
1972
28799
27895
30704
31860
25983
19541
1598
6771
5899
12787
29282
13299
28787
15996
32109
21088
23734
21388
11395
7865
23793
31379
30155
13461
21923
24478
19970
13423
13039
1378
14589
16810
19027
27226
32155
6455
9932
19760
17820
21061
24264
19299
8162
29697
4433
3235
20412
4125
1993
22031
19267
18709
8159
2673
16207
32265
23613
1402
12563
11836
10349
21358
13250
23682
4119
29724
11035
20413
12204
29352
16607
14519
11050
3940
4198
25224
28159
11499
16670
18264
8602
14452
27974
18008
30860
21025
21311
2221
22400
25336
13990
1563
7820
5718
9509
17603
32686
15291
6162
1100
20121
17599
7492
7095
18428
4630
9581
29966
17491
31630
24373
12970
27439
2032
18449
7171
23569
8717
11522
5631
21022
138
15130
23101
31904
14036
30282
8206
6582
16992
23298
7816
19080
19165
13514
30193
20841
1192
1364
32169
2615
20723
20852
29444
12991
25211
13506
22215
32074
19212
13066
3878
20576
2902
28369
2182
27623
10698
12276
3220
494
24289
15847
19446
22252
16585
2340
19292
11964
25549
20894
8402
24864
15382
9050
5183
27523
15144
1851
27460
5021
30079
12074
8439
24567
32441
467
30194
1878
23446
9048
3877
30808
6731
1575
6103
30212
9436
10780
28222
27637
19759
7817
28828
19637
15792
4267
6037
3702
9882
32353
16213
5858
10398
31250
1678
30292
19524
21028
23239
6873
26033
30326
3434
22705
1504
26825
11102
30905
4721
28372
32199
13045
19629
8695
1385
23830
524
14029
7286
14912
31154
16710
6583
5601
1420
23598
11928
13040
24753
10663
13254
25831
12057
26129
1032
24538
12932
6329
18221
13969
3096
9487
20104
4250
11081
8730
5307
10804
459
26217
8457
31223
3822
29199
1070
16729
29103
22903
21069
3079
21871
16712
5571
23134
3825
20123
24065
26222
260
2297
19748
6601
4234
335
15876
19853
7476
25883
31372
21184
5047
31547
13003
2426
25625
20806
30507
24860
15553
21681
31537
5801
22386
9868
398
24788
16103
31908
15762
28376
28858
6736
16809
414
26811
4817
12138
1868
17868
1494
21023
13348
18959
21899
21823
21970
28015
12369
15920
1262
30736
9176
5287
3832
3870
18673
29618
30399
18091
18731
30242
2704
7814
10436
12747
9418
30563
16829
12544
15243
20404
438
5320
8353
20331
14294
6660
21010
26527
15102
16842
31887
22977
21716
25495
8958
29595
6493
31955
8256
28833
3373
9464
16947
29583
26852
4139
16810
20933
13753
20973
28992
27171
29743
5879
31631
8892
7424
14304
6840
28499
1266
31123
28106
1410
29008
4361
11221
155
5779
25198
32397
14187
5815
28393
9402
755
29501
29779
12404
22162
21738
29404
1957
4662
17645
29382
20974
10821
14220
30809
23276
30978
18101
26802
22962
1408
27872
14512
1705
2666
24553
23189
17999
15755
5069
21678
5301
20330
25843
12191
19333
23648
22982
5703
11811
13040
20978
15852
5275
27338
20727
12289
22147
29387
6207
10413
18219
5752
25476
16115
26826
17431
1071
31857
14215
20071
28604
18549
9464
23559
2573
2630
19181
25728
20500
9076
14789
27047
4809
31941
8287
2716
18840
17072
20880
3638
11032
28755
6866
2085
23932
9571
23474
12159
24758
4038
14869
28446
27121
5203
3085
19253
23124
27111
3780
14204
22776
19602
22728
31760
8886
14624
5356
14433
8027
19943
18832
14614
